   3.0864197530864197E-004        6561           1  0.100000001    
  0.10027597480296356             6561           2  0.100000001    
  0.20023994475974119             6561           3  0.100000001    
  0.30020054766179810             6561           4  0.100000001    
  0.40015771665056854             6561           5  0.100000001    
  0.50011101796967017             6561           6  0.100000001    
  0.60005993758741283             6561           7  0.100000001    
  0.70000343306095192             6561           8  0.100000001    
  0.80024822890225245             6561           9  0.100000001    
  0.90017523628850615             6561          10  0.100000001    
   1.0000905514949709             6561          11  0.100000001    
   1.1003000887618160             6561          12  0.100000001    
   1.2001843062466953             6561          13  0.100000001    
   1.3000483755942442             6561          14  0.100000001    
   1.4001966267537640             6561          15  0.100000001    
   1.5000083716412271             6561          16  0.100000001    
   1.6000945956591377             6561          17  0.100000001    
   1.7001412094302455             6561          18  0.100000001    
   1.8001412953371041             6561          19  0.100000001    
   1.9000868049745412             6561          20  0.100000001    
   2.0002757870518568             6561          21  0.100000001    
   2.1000830797190759             6561          22  0.100000001    
   2.2001109275316013             6561          23  0.100000001    
   2.3000387634904547             6561          24  0.100000001    
   2.4001579875326691             6561          25  0.100000001    
   2.5001461717779323             6561          26  0.100000001    
   2.6002921309646885             6561          27  0.100000001    
   2.7002733304167790             6561          28  0.100000001    
   2.8000740786789518             6561          29  0.100000001    
   2.9002869833916338             6561          30  0.100000001    
   3.0002907431272008             6561          31  0.100000001    
   3.1000754600831812             6561          32  0.100000001    
   3.2002358649819320             6561          33  0.100000001    
   3.3001593961274232             6561          34  0.100000001    
   3.4001388417133458             6561          35  0.100000001    
   3.5001658193645904             6561          36  0.100000001    
   3.6002316964953738             6561          37  0.100000001    
   3.7000341070972138             6561          38  0.100000001    
   3.8001702697037212             6561          39  0.100000001    
   3.9000563966445854             6561          40  0.100000001    
   4.0000151545133935             6561          41  0.100000001    
   4.1000881022352162             6561          42  0.100000001    
   4.2000408105807425             6561          43  0.100000001    
   4.3002438317881762             6561          44  0.100000001    
   4.4001903916106615             6561          45  0.100000001    
