  -2.8391359026644358E-003   54.343377044486225     
  -2.8391359026644358E-003  -54.343377044486225     
  -4.1687588485235239E-003   54.078937033670933     
  -4.1687588485235239E-003  -54.078937033670933     
   3.1242625786958023E-003   54.041310953867324     
   3.1242625786958023E-003  -54.041310953867324     
  -6.7249113037028962E-003   53.691519401326062     
  -6.7249113037028962E-003  -53.691519401326062     
  -1.7533532900362303E-003   53.331994226484341     
  -1.7533532900362303E-003  -53.331994226484341     
  -9.3781415931033507E-003   53.298900419510929     
  -9.3781415931033507E-003  -53.298900419510929     
   5.7132857624075939E-003   53.277519659623287     
   5.7132857624075939E-003  -53.277519659623287     
   1.4148245343985622E-003   53.220581119152961     
   1.4148245343985622E-003  -53.220581119152961     
  -2.5683700199969905E-003   52.385453722761262     
  -2.5683700199969905E-003  -52.385453722761262     
  -8.4492353000777953E-003   52.304754858557651     
  -8.4492353000777953E-003  -52.304754858557651     
  -2.8276530994464366E-003   52.184954853065619     
  -2.8276530994464366E-003  -52.184954853065619     
   9.2607622123344058E-003   52.207868581443833     
   9.2607622123344058E-003  -52.207868581443833     
  -1.3306839208508947E-003   52.206130863542143     
  -1.3306839208508947E-003  -52.206130863542143     
   7.8128480972994296E-003   51.871254112150787     
   7.8128480972994296E-003  -51.871254112150787     
  -8.6963354823961225E-003   51.909725854774365     
  -8.6963354823961225E-003  -51.909725854774365     
  -5.1426755493224618E-003   51.682846730140000     
  -5.1426755493224618E-003  -51.682846730140000     
   2.2703671613406584E-003   51.646049224805559     
   2.2703671613406584E-003  -51.646049224805559     
   5.5795449746494086E-003   50.703937009711630     
   5.5795449746494086E-003  -50.703937009711630     
  -5.2190237354494684E-003   50.728834146961681     
  -5.2190237354494684E-003  -50.728834146961681     
  -1.8632631188992832E-002   50.500853212891215     
  -1.8632631188992832E-002  -50.500853212891215     
   1.1307734939681069E-002   50.429903960771462     
   1.1307734939681069E-002  -50.429903960771462     
  -2.1901612522867708E-004   50.022439675333835     
  -2.1901612522867708E-004  -50.022439675333835     
   1.5644769753277998E-002   49.872241610949565     
   1.5644769753277998E-002  -49.872241610949565     
  -1.9547737896816741E-002   49.877794981825524     
  -1.9547737896816741E-002  -49.877794981825524     
  -8.6529441742140278E-003   49.577866406155131     
  -8.6529441742140278E-003  -49.577866406155131     
   6.3327147834133513E-003   49.516218296402052     
   6.3327147834133513E-003  -49.516218296402052     
  -1.0870495045153916E-002   49.270546268028646     
  -1.0870495045153916E-002  -49.270546268028646     
   1.0923608120696926E-002   49.266196603450886     
   1.0923608120696926E-002  -49.266196603450886     
  -2.4652600296271032E-004   48.485758955714594     
  -2.4652600296271032E-004  -48.485758955714594     
  -1.9004631449749176E-002   48.370325504416954     
  -1.9004631449749176E-002  -48.370325504416954     
  -1.2410259879889196E-003   48.385407724621651     
  -1.2410259879889196E-003  -48.385407724621651     
  -5.6543404286202303E-004   48.373257070013089     
  -5.6543404286202303E-004  -48.373257070013089     
   3.1890957861282487E-003   48.233629523654280     
   3.1890957861282487E-003  -48.233629523654280     
   2.0627784011303163E-002   46.156779778980237     
   2.0627784011303163E-002  -46.156779778980237     
  -1.5712596239891852E-003   48.067758177644947     
  -1.5712596239891852E-003  -48.067758177644947     
  -2.6912223237058462E-002   46.237443786365816     
  -2.6912223237058462E-002  -46.237443786365816     
   1.4794509670519318E-003   48.049961931453893     
   1.4794509670519318E-003  -48.049961931453893     
  -3.5088746950759031E-002   47.909953810105009     
  -3.5088746950759031E-002  -47.909953810105009     
   4.0477352061476068E-002   47.907383076470687     
   4.0477352061476068E-002  -47.907383076470687     
  -2.8285142670991803E-003   46.535673888302483     
  -2.8285142670991803E-003  -46.535673888302483     
  -8.3251986846288872E-003   47.130750206487924     
  -8.3251986846288872E-003  -47.130750206487924     
   2.4257584814000310E-003   47.465280581489331     
   2.4257584814000310E-003  -47.465280581489331     
   2.6515209128898931E-003   46.535551646445612     
   2.6515209128898931E-003  -46.535551646445612     
  -1.8019780283324849E-003   47.478044916171605     
  -1.8019780283324849E-003  -47.478044916171605     
   1.5981966171213280E-002   47.162044921892637     
   1.5981966171213280E-002  -47.162044921892637     
   2.7708060677609225E-003   47.235471175863708     
   2.7708060677609225E-003  -47.235471175863708     
  -6.4763081271549394E-003   47.217705156724705     
  -6.4763081271549394E-003  -47.217705156724705     
   8.7279765108938534E-004   45.145951746196985     
   8.7279765108938534E-004  -45.145951746196985     
  -6.7698282017580880E-004   45.131779235047745     
  -6.7698282017580880E-004  -45.131779235047745     
   2.5395750360713620E-002   44.596324154376831     
   2.5395750360713620E-002  -44.596324154376831     
  -2.5944788514096651E-002   44.570666408908103     
  -2.5944788514096651E-002  -44.570666408908103     
   3.0028783837793060E-002   44.480627946049012     
   3.0028783837793060E-002  -44.480627946049012     
  -2.6497459418107105E-002   44.472694190451982     
  -2.6497459418107105E-002  -44.472694190451982     
  -2.5398508055696212E-004   42.256451993204301     
  -2.5398508055696212E-004  -42.256451993204301     
   1.2077282728206740E-004   42.253651799579941     
   1.2077282728206740E-004  -42.253651799579941     
   3.9841486589477171E-002   43.636682145816167     
   3.9841486589477171E-002  -43.636682145816167     
  -3.4624015883952808E-002   43.647486266166652     
  -3.4624015883952808E-002  -43.647486266166652     
  -1.9282945730521917E-002   43.476281153637757     
  -1.9282945730521917E-002  -43.476281153637757     
   4.6227088699879459E-004   42.872357015182409     
   4.6227088699879459E-004  -42.872357015182409     
   1.6304430084126409E-003   42.795694154571805     
   1.6304430084126409E-003  -42.795694154571805     
   2.7290019399828225E-007   42.801046199036051     
   2.7290019399828225E-007  -42.801046199036051     
  -3.0992881095626146E-003   42.941628872190854     
  -3.0992881095626146E-003  -42.941628872190854     
  -5.7070470253073324E-004   43.338593790288805     
  -5.7070470253073324E-004  -43.338593790288805     
  -6.6020731208959127E-002   43.266064475369447     
  -6.6020731208959127E-002  -43.266064475369447     
   6.4347999453681304E-002   43.269264939000998     
   6.4347999453681304E-002  -43.269264939000998     
  -1.3809763576215772E-003   43.286901085772179     
  -1.3809763576215772E-003  -43.286901085772179     
   2.8304899282338702E-004   43.283351358204300     
   2.8304899282338702E-004  -43.283351358204300     
   9.7495911007907665E-003   43.144316269456212     
   9.7495911007907665E-003  -43.144316269456212     
   9.1479791655046938E-004   43.116332634608035     
   9.1479791655046938E-004  -43.116332634608035     
  -7.1857669421069303E-003   43.147028164889818     
  -7.1857669421069303E-003  -43.147028164889818     
  -7.5814705883781031E-004   43.121584900022597     
  -7.5814705883781031E-004  -43.121584900022597     
  -2.9181584258676452E-002   41.650279049091345     
  -2.9181584258676452E-002  -41.650279049091345     
   2.1968433531702303E-002   41.483669961520896     
   2.1968433531702303E-002  -41.483669961520896     
  -1.0406443030230861E-004   41.380070629209897     
  -1.0406443030230861E-004  -41.380070629209897     
  -1.3493813989775560E-003   41.387863256348339     
  -1.3493813989775560E-003  -41.387863256348339     
   2.0208803581024171E-002   40.957411601837038     
   2.0208803581024171E-002  -40.957411601837038     
  -1.7663536278849534E-002   40.928359097418330     
  -1.7663536278849534E-002  -40.928359097418330     
   6.2706812645716425E-002   40.467742152251368     
   6.2706812645716425E-002  -40.467742152251368     
  -6.3343620455703409E-002   40.472955625982209     
  -6.3343620455703409E-002  -40.472955625982209     
   1.1039720784484786E-002   40.444804930529287     
   1.1039720784484786E-002  -40.444804930529287     
   2.9443745709867741E-002   39.575716565660400     
   2.9443745709867741E-002  -39.575716565660400     
  -2.9652154731049762E-002   39.520901557220547     
  -2.9652154731049762E-002  -39.520901557220547     
   2.3101506109831860E-002   39.285910097743574     
   2.3101506109831860E-002  -39.285910097743574     
   3.3009374695058824E-003   40.048752488917955     
   3.3009374695058824E-003  -40.048752488917955     
  -9.9744217204236207E-003   40.414173562376106     
  -9.9744217204236207E-003  -40.414173562376106     
  -2.7545030977751850E-002   39.386107465429198     
  -2.7545030977751850E-002  -39.386107465429198     
   4.2003409475684705E-002   39.373237184306497     
   4.2003409475684705E-002  -39.373237184306497     
  -3.6851796838702100E-002   39.349816939345118     
  -3.6851796838702100E-002  -39.349816939345118     
  -2.7928323211501294E-003   40.046058501120520     
  -2.7928323211501294E-003  -40.046058501120520     
   6.0262602632219497E-003   38.104192439560741     
   6.0262602632219497E-003  -38.104192439560741     
  -5.7001642754754833E-003   38.086116741815736     
  -5.7001642754754833E-003  -38.086116741815736     
  -1.2074297710462645E-002   36.610957680620658     
  -1.2074297710462645E-002  -36.610957680620658     
   1.1620041407077508E-002   36.584186338795192     
   1.1620041407077508E-002  -36.584186338795192     
  -2.4648016244910309E-005   37.510461350720014     
  -2.4648016244910309E-005  -37.510461350720014     
  -1.6493926776717238E-004   37.489152424234312     
  -1.6493926776717238E-004  -37.489152424234312     
   1.3988772017992090E-004   37.487464730164724     
   1.3988772017992090E-004  -37.487464730164724     
   1.0247424763210944E-002   36.887582504863722     
   1.0247424763210944E-002  -36.887582504863722     
   2.3654110324322630E-004   37.262082641716248     
   2.3654110324322630E-004  -37.262082641716248     
  -1.2645571289304769E-004   37.264181174145349     
  -1.2645571289304769E-004  -37.264181174145349     
  -1.4067833458142331E-004   36.487436782565297     
  -1.4067833458142331E-004  -36.487436782565297     
  -1.1327765328772443E-004   37.415841311778586     
  -1.1327765328772443E-004  -37.415841311778586     
  -6.8609844459768254E-003   36.915976494813052     
  -6.8609844459768254E-003  -36.915976494813052     
   1.3526160742216575E-004   37.413698835327530     
   1.3526160742216575E-004  -37.413698835327530     
  -1.5726012665062683E-004   36.483077297616390     
  -1.5726012665062683E-004  -36.483077297616390     
   1.4250553551908851E-004   36.982826155323039     
   1.4250553551908851E-004  -36.982826155323039     
   2.4346368745753466E-004   36.980980724370148     
   2.4346368745753466E-004  -36.980980724370148     
  -7.7055245484149104E-002   36.293790590471104     
  -7.7055245484149104E-002  -36.293790590471104     
   7.0169528983548446E-002   36.278643143775696     
   7.0169528983548446E-002  -36.278643143775696     
   7.4589998383393308E-002   35.664407503647375     
   7.4589998383393308E-002  -35.664407503647375     
  -7.1159432948213919E-002   35.635839276157753     
  -7.1159432948213919E-002  -35.635839276157753     
   2.0509350975395080E-003   35.386006752418211     
   2.0509350975395080E-003  -35.386006752418211     
  -1.0137577318980462E-003   35.403924843094359     
  -1.0137577318980462E-003  -35.403924843094359     
   9.4721369646928011E-002   35.104068423298045     
   9.4721369646928011E-002  -35.104068423298045     
  -7.8110945679512156E-002   35.139597075395635     
  -7.8110945679512156E-002  -35.139597075395635     
   6.7420956494235185E-004   35.653286345653434     
   6.7420956494235185E-004  -35.653286345653434     
  -6.6859666270424611E-004   35.653865487411593     
  -6.6859666270424611E-004  -35.653865487411593     
  -1.1852784971214447E-002   34.599211198423347     
  -1.1852784971214447E-002  -34.599211198423347     
   6.5205732873327982E-003   34.066017928969671     
   6.5205732873327982E-003  -34.066017928969671     
  -1.2961852578060373E-002   34.121643666947193     
  -1.2961852578060373E-002  -34.121643666947193     
  -3.1775530226671123E-002   34.365562842485026     
  -3.1775530226671123E-002  -34.365562842485026     
   3.0223003371109058E-002   34.324344027994421     
   3.0223003371109058E-002  -34.324344027994421     
  -2.6950406045642694E-003   34.343843839722794     
  -2.6950406045642694E-003  -34.343843839722794     
  -6.2445991015236402E-003   34.324718310146451     
  -6.2445991015236402E-003  -34.324718310146451     
  -3.6077685801301662E-002   32.866130323579945     
  -3.6077685801301662E-002  -32.866130323579945     
   1.6912755509734367E-002   32.706403182641623     
   1.6912755509734367E-002  -32.706403182641623     
  -9.9806460840579092E-004   32.593083741429851     
  -9.9806460840579092E-004  -32.593083741429851     
   6.7741851762957439E-003   32.546145885804407     
   6.7741851762957439E-003  -32.546145885804407     
   6.1732093018714629E-002   32.500424676825283     
   6.1732093018714629E-002  -32.500424676825283     
  -6.4621243019667318E-002   32.478404690914680     
  -6.4621243019667318E-002  -32.478404690914680     
   9.6225854744069750E-004   32.380552775031020     
   9.6225854744069750E-004  -32.380552775031020     
   2.3669305308011701E-003   32.368569187085583     
   2.3669305308011701E-003  -32.368569187085583     
   3.8421203299758844E-003   29.655742913514466     
   3.8421203299758844E-003  -29.655742913514466     
  -1.7761729271006388E-003   29.675447751924970     
  -1.7761729271006388E-003  -29.675447751924970     
  -5.5020822418203608E-003   31.886494922268557     
  -5.5020822418203608E-003  -31.886494922268557     
   2.5391865543928915E-003   31.865501114756494     
   2.5391865543928915E-003  -31.865501114756494     
 -0.10997320164411972        30.104927348936773     
 -0.10997320164411972       -30.104927348936773     
   9.9363847064940281E-002   30.134565772829212     
   9.9363847064940281E-002  -30.134565772829212     
   3.1486465790075080E-002   30.255116594704745     
   3.1486465790075080E-002  -30.255116594704745     
  -1.1469811951202225E-002   30.253704103151549     
  -1.1469811951202225E-002  -30.253704103151549     
   2.6276113097566167E-002   30.579952015410861     
   2.6276113097566167E-002  -30.579952015410861     
  -3.6856195079862708E-002   30.685501925071168     
  -3.6856195079862708E-002  -30.685501925071168     
  -4.6041748942267091E-003   31.548066322885443     
  -4.6041748942267091E-003  -31.548066322885443     
   2.4364156315570540E-005   30.408750933964594     
   2.4364156315570540E-005  -30.408750933964594     
   3.7094437864837460E-004   30.406788471637270     
   3.7094437864837460E-004  -30.406788471637270     
   7.1090341030810578E-005   30.892973761042303     
   7.1090341030810578E-005  -30.892973761042303     
   1.1740755518019341E-005   30.891373027602580     
   1.1740755518019341E-005  -30.891373027602580     
   4.9799101747212138E-003   31.497838773820497     
   4.9799101747212138E-003  -31.497838773820497     
   6.3338655437839009E-005   31.149807532046122     
   6.3338655437839009E-005  -31.149807532046122     
  -2.6147807652421307E-007   31.150630523043052     
  -2.6147807652421307E-007  -31.150630523043052     
  -1.9315790176221981E-006   31.374064293161169     
  -1.9315790176221981E-006  -31.374064293161169     
   7.9200890333197549E-005   31.278814566372393     
   7.9200890333197549E-005  -31.278814566372393     
  -3.7300669886164428E-005   31.279436995983406     
  -3.7300669886164428E-005  -31.279436995983406     
  -2.6346853188030650E-005   31.340380273316374     
  -2.6346853188030650E-005  -31.340380273316374     
   9.4635436731493883E-006   31.339879310695597     
   9.4635436731493883E-006  -31.339879310695597     
   4.9150876217929351E-005   31.366394493861662     
   4.9150876217929351E-005  -31.366394493861662     
  -7.9199897263571017E-005   31.366792714507159     
  -7.9199897263571017E-005  -31.366792714507159     
   5.5551427526787933E-003   28.732675819229367     
   5.5551427526787933E-003  -28.732675819229367     
  -3.6728145352157987E-003   28.792235391045367     
  -3.6728145352157987E-003  -28.792235391045367     
   2.3324240410014241E-003   29.569717629402550     
   2.3324240410014241E-003  -29.569717629402550     
  -2.6261937957556825E-003   29.561080799591277     
  -2.6261937957556825E-003  -29.561080799591277     
 -0.11905185792017745        28.157938751933678     
 -0.11905185792017745       -28.157938751933678     
   9.7294403467506285E-002   28.115283823795604     
   9.7294403467506285E-002  -28.115283823795604     
  -3.4046383792709634E-003   28.217285394189322     
  -3.4046383792709634E-003  -28.217285394189322     
   4.1551283752223611E-003   28.211873055095804     
   4.1551283752223611E-003  -28.211873055095804     
  0.11562031081699242        27.761772912900391     
  0.11562031081699242       -27.761772912900391     
 -0.10055103469126347        27.778490470523163     
 -0.10055103469126347       -27.778490470523163     
  -6.8548511676522761E-003   27.500628946676994     
  -6.8548511676522761E-003  -27.500628946676994     
   1.2518903511978152E-002   27.510214243454701     
   1.2518903511978152E-002  -27.510214243454701     
   1.8671617150651243E-003   27.581827827267187     
   1.8671617150651243E-003  -27.581827827267187     
  -4.4042652681426375E-003   27.596332824274945     
  -4.4042652681426375E-003  -27.596332824274945     
  -3.8985292437825336E-003   26.234139984603633     
  -3.8985292437825336E-003  -26.234139984603633     
   2.6667343848895131E-003   26.220388584641661     
   2.6667343848895131E-003  -26.220388584641661     
   3.1918344728407710E-003   26.167440408157070     
   3.1918344728407710E-003  -26.167440408157070     
   2.7084209245167301E-003   26.190331995396662     
   2.7084209245167301E-003  -26.190331995396662     
  -8.2382351763272688E-003   25.937025980640144     
  -8.2382351763272688E-003  -25.937025980640144     
   1.5311626689411550E-003   25.889505133190440     
   1.5311626689411550E-003  -25.889505133190440     
   2.2348598409882570E-005   25.044382384334117     
   2.2348598409882570E-005  -25.044382384334117     
  -1.1274269731131881E-005   25.044669544341193     
  -1.1274269731131881E-005  -25.044669544341193     
  -7.9827831811485339E-007   25.126468553791888     
  -7.9827831811485339E-007  -25.126468553791888     
   2.0302476606559594E-006   25.096730278753185     
   2.0302476606559594E-006  -25.096730278753185     
   7.6628941592105093E-007   25.096864063253555     
   7.6628941592105093E-007  -25.096864063253555     
   3.1384801673084439E-006   25.117266933470585     
   3.1384801673084439E-006  -25.117266933470585     
  -1.8989257588586383E-006   25.117172295354333     
  -1.8989257588586383E-006  -25.117172295354333     
   7.0624909849215101E-006   25.124582966977240     
   7.0624909849215101E-006  -25.124582966977240     
  -1.0989675280903555E-005   25.124653615994802     
  -1.0989675280903555E-005  -25.124653615994802     
   2.4762624909691056E-005   24.921219676710177     
   2.4762624909691056E-005  -24.921219676710177     
   3.2091932582911653E-005   24.920656894397297     
   3.2091932582911653E-005  -24.920656894397297     
   5.5701958975760579E-002   24.757424718461269     
   5.5701958975760579E-002  -24.757424718461269     
  -7.5170145002783961E-002   24.723236280766479     
  -7.5170145002783961E-002  -24.723236280766479     
  -9.1972358897298712E-002   24.251151506518916     
  -9.1972358897298712E-002  -24.251151506518916     
  -2.3924466535756750E-002   24.464061934582865     
  -2.3924466535756750E-002  -24.464061934582865     
   7.0313454096014638E-002   24.225110773525170     
   7.0313454096014638E-002  -24.225110773525170     
   1.3361550444737524E-002   24.673255130875752     
   1.3361550444737524E-002  -24.673255130875752     
  -4.4605920484874773E-003   24.548760735732870     
  -4.4605920484874773E-003  -24.548760735732870     
   3.2351906459212376E-002   24.308724111084860     
   3.2351906459212376E-002  -24.308724111084860     
  -3.4078428157293672E-003   24.364121941251138     
  -3.4078428157293672E-003  -24.364121941251138     
   3.4576719091905517E-004   24.656564189063062     
   3.4576719091905517E-004  -24.656564189063062     
   2.3869526813147246E-004   24.654953404369213     
   2.3869526813147246E-004  -24.654953404369213     
   1.1323242358773911E-003   24.146763293453859     
   1.1323242358773911E-003  -24.146763293453859     
  -8.8063000454052798E-004   24.143233083079515     
  -8.8063000454052798E-004  -24.143233083079515     
  0.15370098527735010        23.389379545810879     
  0.15370098527735010       -23.389379545810879     
  -5.0670657071255620E-004   23.538911996641019     
  -5.0670657071255620E-004  -23.538911996641019     
   1.2756249580077039E-003   23.513243535435176     
   1.2756249580077039E-003  -23.513243535435176     
 -0.13652055114251382        23.366476321584603     
 -0.13652055114251382       -23.366476321584603     
  -1.3658827191722622E-003   22.658375114280791     
  -1.3658827191722622E-003  -22.658375114280791     
  -1.2500780109405696E-003   22.745622859198651     
  -1.2500780109405696E-003  -22.745622859198651     
   2.2980027685336912E-002   23.062187618067352     
   2.2980027685336912E-002  -23.062187618067352     
   1.1761287703966339E-002   22.858452406711045     
   1.1761287703966339E-002  -22.858452406711045     
  -3.6265829619797074E-003   22.904367920997860     
  -3.6265829619797074E-003  -22.904367920997860     
  -7.1116163383488917E-003   22.084576600904274     
  -7.1116163383488917E-003  -22.084576600904274     
   1.7807129514801900E-002   22.073891513244735     
   1.7807129514801900E-002  -22.073891513244735     
   2.6682960571351444E-003   21.857830457670985     
   2.6682960571351444E-003  -21.857830457670985     
  -5.7422644885285479E-005   21.863302727049913     
  -5.7422644885285479E-005  -21.863302727049913     
  -4.1814797700161943E-002   23.207278917652776     
  -4.1814797700161943E-002  -23.207278917652776     
  -2.3405010230406198E-002   21.958875688027405     
  -2.3405010230406198E-002  -21.958875688027405     
   1.6851790140892664E-002   21.999224121434032     
   1.6851790140892664E-002  -21.999224121434032     
  -2.8288793142012825E-003   23.256958835640415     
  -2.8288793142012825E-003  -23.256958835640415     
   3.9453524158428177E-004   23.253882965056185     
   3.9453524158428177E-004  -23.253882965056185     
   2.3956259998800578E-002   21.254270307970511     
   2.3956259998800578E-002  -21.254270307970511     
  -4.0481139517226594E-002   21.306740222823741     
  -4.0481139517226594E-002  -21.306740222823741     
 -0.14111921848643905        20.407026920423071     
 -0.14111921848643905       -20.407026920423071     
  0.13747715747045719        20.350063381645729     
  0.13747715747045719       -20.350063381645729     
  -6.0268753301455646E-003   20.112444687518465     
  -6.0268753301455646E-003  -20.112444687518465     
  -1.3587709853373653E-002   20.181156923224101     
  -1.3587709853373653E-002  -20.181156923224101     
   1.9515777295068482E-002   20.047976476450515     
   1.9515777295068482E-002  -20.047976476450515     
   1.1137248865056293E-003   19.864294882649162     
   1.1137248865056293E-003  -19.864294882649162     
  -8.3440007858150700E-003   19.879383194609410     
  -8.3440007858150700E-003  -19.879383194609410     
   3.5532479159905428E-003   20.195905453642968     
   3.5532479159905428E-003  -20.195905453642968     
  -6.6398509510590120E-003   19.285822532814151     
  -6.6398509510590120E-003  -19.285822532814151     
   5.6595338954408270E-003   19.225246089950279     
   5.6595338954408270E-003  -19.225246089950279     
  -1.2430241123937424E-002   17.091237399155776     
  -1.2430241123937424E-002  -17.091237399155776     
   1.2544400222687102E-003   17.273607878080131     
   1.2544400222687102E-003  -17.273607878080131     
   4.5799001822008911E-003   17.302857147589780     
   4.5799001822008911E-003  -17.302857147589780     
   2.1305299656677601E-002   17.560839598848197     
   2.1305299656677601E-002  -17.560839598848197     
   8.0620330971816756E-003   17.516459223155618     
   8.0620330971816756E-003  -17.516459223155618     
  -2.1677764884080020E-002   17.421688121292377     
  -2.1677764884080020E-002  -17.421688121292377     
   9.4264330062037160E-003   17.451320410304053     
   9.4264330062037160E-003  -17.451320410304053     
   2.0308374458145595E-003   17.780582711487352     
   2.0308374458145595E-003  -17.780582711487352     
  -2.2884376093368353E-003   17.783524086139249     
  -2.2884376093368353E-003  -17.783524086139249     
  -8.5069622812470769E-002   18.460360112771291     
  -8.5069622812470769E-002  -18.460360112771291     
   7.1425707056728349E-002   18.461468541876176     
   7.1425707056728349E-002  -18.461468541876176     
   7.6211735654396762E-004   18.336809244213264     
   7.6211735654396762E-004  -18.336809244213264     
  -1.0541531728646136E-003   18.334827785614891     
  -1.0541531728646136E-003  -18.334827785614891     
  0.13455210575157217        18.851127992658586     
  0.13455210575157217       -18.851127992658586     
  -9.9715989546519168E-002   18.851063859628901     
  -9.9715989546519168E-002  -18.851063859628901     
  -1.1415490629447633E-002   18.720608796845227     
  -1.1415490629447633E-002  -18.720608796845227     
   2.7376032752712831E-004   18.629744065535778     
   2.7376032752712831E-004  -18.629744065535778     
  -2.4183739082950240E-004   18.630532490164263     
  -2.4183739082950240E-004  -18.630532490164263     
   1.3587795007259373E-003   18.765360047299421     
   1.3587795007259373E-003  -18.765360047299421     
   3.0343329374638017E-004   18.769520237018742     
   3.0343329374638017E-004  -18.769520237018742     
  -2.4506913405275554E-005   18.767379146141973     
  -2.4506913405275554E-005  -18.767379146141973     
   2.3843676002499592E-006   18.841669068560559     
   2.3843676002499592E-006  -18.841669068560559     
   5.1268447851526844E-006   18.841646786977517     
   5.1268447851526844E-006  -18.841646786977517     
   9.3554070819124036E-006   18.822656859910264     
   9.3554070819124036E-006  -18.822656859910264     
  -1.6967205507256722E-007   18.849042568412763     
  -1.6967205507256722E-007  -18.849042568412763     
   2.6776695882801960E-007   18.822767799199319     
   2.6776695882801960E-007  -18.822767799199319     
  -1.3675704972904157E-006   18.847261294119381     
  -1.3675704972904157E-006  -18.847261294119381     
  -1.7143032435829042E-006   18.848751978645662     
  -1.7143032435829042E-006  -18.848751978645662     
   8.1727671030762394E-007   18.848745522274850     
   8.1727671030762394E-007  -18.848745522274850     
   2.6820514249514815E-006   18.847273096212483     
   2.6820514249514815E-006  -18.847273096212483     
   6.1122063991345937E-003   14.478441120418932     
   6.1122063991345937E-003  -14.478441120418932     
   2.0456141272795603E-002   14.523184164619298     
   2.0456141272795603E-002  -14.523184164619298     
   2.6476210505220810E-002   14.862401971003573     
   2.6476210505220810E-002  -14.862401971003573     
  -3.3871205604564872E-002   14.885041032775055     
  -3.3871205604564872E-002  -14.885041032775055     
  -2.4490193128195059E-002   15.202384797196046     
  -2.4490193128195059E-002  -15.202384797196046     
   1.0846973867441392E-003   15.478657529620916     
   1.0846973867441392E-003  -15.478657529620916     
  -3.1316729179099861E-003   15.486531145469586     
  -3.1316729179099861E-003  -15.486531145469586     
  -6.7972312404178670E-002   15.979092078441075     
  -6.7972312404178670E-002  -15.979092078441075     
   8.0305247235146426E-002   16.006954398637539     
   8.0305247235146426E-002  -16.006954398637539     
   2.1712669124370240E-002   17.020583339020160     
   2.1712669124370240E-002  -17.020583339020160     
  0.20349566397481644        16.264205977868073     
  0.20349566397481644       -16.264205977868073     
   1.8568602674884638E-003   16.856662544608373     
   1.8568602674884638E-003  -16.856662544608373     
 -0.20031534293840370        16.245933580128042     
 -0.20031534293840370       -16.245933580128042     
  -1.0477734264932037E-003   16.862705391238528     
  -1.0477734264932037E-003  -16.862705391238528     
  -1.9327296668427807E-002   16.514418443380816     
  -1.9327296668427807E-002  -16.514418443380816     
   1.8914704530887574E-002   16.466285572310518     
   1.8914704530887574E-002  -16.466285572310518     
  -3.3632569218814357E-002   16.287860601706690     
  -3.3632569218814357E-002  -16.287860601706690     
   1.4584762442343413E-002   16.320827812379580     
   1.4584762442343413E-002  -16.320827812379580     
   2.4090022006619860E-002   14.229549098382021     
   2.4090022006619860E-002  -14.229549098382021     
  -5.9217440859983345E-002   14.195147416958848     
  -5.9217440859983345E-002  -14.195147416958848     
   8.7778991534514378E-002   13.984882244213246     
   8.7778991534514378E-002  -13.984882244213246     
  -5.7822179203015009E-002   13.976368017671202     
  -5.7822179203015009E-002  -13.976368017671202     
   1.2738111448839989E-002   14.018886669768321     
   1.2738111448839989E-002  -14.018886669768321     
  -1.9169069302188438E-002   14.012104847284311     
  -1.9169069302188438E-002  -14.012104847284311     
  -3.7013593065150729E-002   13.673093103245387     
  -3.7013593065150729E-002  -13.673093103245387     
   2.4167130064212561E-002   13.631314414319263     
   2.4167130064212561E-002  -13.631314414319263     
  0.14752516178482988        12.820085856405589     
  0.14752516178482988       -12.820085856405589     
   1.0368194405318942E-002   13.567594902798323     
   1.0368194405318942E-002  -13.567594902798323     
   1.2672241633387316E-002   13.650477740923101     
   1.2672241633387316E-002  -13.650477740923101     
   8.8673631823956711E-003   13.294877277734344     
   8.8673631823956711E-003  -13.294877277734344     
   2.8843539616474345E-004   13.336033018754822     
   2.8843539616474345E-004  -13.336033018754822     
   1.6736471961659838E-002   12.881255870900228     
   1.6736471961659838E-002  -12.881255870900228     
 -0.16717006267868539        12.880371458716587     
 -0.16717006267868539       -12.880371458716587     
  -6.5417099026460201E-004   12.758754172523934     
  -6.5417099026460201E-004  -12.758754172523934     
   4.6951763572827376E-002   12.565447776303053     
   4.6951763572827376E-002  -12.565447776303053     
  -5.0850091502384398E-002   12.551082672684725     
  -5.0850091502384398E-002  -12.551082672684725     
  -1.3064373806330298E-002   12.586254275636650     
  -1.3064373806330298E-002  -12.586254275636650     
   1.3795845825725905E-005   12.535493556733746     
   1.3795845825725905E-005  -12.535493556733746     
   3.3357718921767088E-005   12.535624006639654     
   3.3357718921767088E-005  -12.535624006639654     
   3.4303040043592858E-005   12.558630252357901     
   3.4303040043592858E-005  -12.558630252357901     
  -8.4991019511093668E-006   12.558553611316245     
  -8.4991019511093668E-006  -12.558553611316245     
   5.0614487325795210E-006   12.564857589049874     
   5.0614487325795210E-006  -12.564857589049874     
   1.2421340800372604E-006   12.564847300952032     
   1.2421340800372604E-006  -12.564847300952032     
   1.0338950882093911E-006   12.566137106796024     
   1.0338950882093911E-006  -12.566137106796024     
   8.0064154417414102E-008   12.566356233871312     
   8.0064154417414102E-008  -12.566356233871312     
  -8.2439024717828602E-008   12.566138904118940     
  -8.2439024717828602E-008  -12.566138904118940     
  -1.9878669821338235E-007   12.566334250158430     
  -1.9878669821338235E-007  -12.566334250158430     
   9.2476312385514348E-008   12.566334013646101     
   9.2476312385514348E-008  -12.566334013646101     
  -4.0655558649801637E-002   12.170938660335834     
  -4.0655558649801637E-002  -12.170938660335834     
 -0.11126437939305828        12.237693770244489     
 -0.11126437939305828       -12.237693770244489     
   5.7223497887139763E-002   12.229867164233880     
   5.7223497887139763E-002  -12.229867164233880     
   8.3180736026596369E-002   12.313079479046147     
   8.3180736026596369E-002  -12.313079479046147     
  -2.1765625546956720E-002   12.404964888843141     
  -2.1765625546956720E-002  -12.404964888843141     
  -3.5988125030872453E-004   12.468940364433925     
  -3.5988125030872453E-004  -12.468940364433925     
   2.2972446913521738E-004   12.469189993985239     
   2.2972446913521738E-004  -12.469189993985239     
   4.8876284436693118E-002   11.355075824536410     
   4.8876284436693118E-002  -11.355075824536410     
  -1.2568925406487831E-002   11.357363144361834     
  -1.2568925406487831E-002  -11.357363144361834     
  -2.8084102253393473E-002   11.664812002401000     
  -2.8084102253393473E-002  -11.664812002401000     
   1.2003711978358200E-002   11.692828725951285     
   1.2003711978358200E-002  -11.692828725951285     
   7.6198499588542301E-004   11.995248936540168     
   7.6198499588542301E-004  -11.995248936540168     
  -8.2849515197802592E-004   11.995485730670943     
  -8.2849515197802592E-004  -11.995485730670943     
   9.2560522834972403E-004   12.311569454774766     
   9.2560522834972403E-004  -12.311569454774766     
  -7.7183673592051694E-004   12.310932167251705     
  -7.7183673592051694E-004  -12.310932167251705     
  0.23930917505921334        9.6886942718615341     
  0.23930917505921334       -9.6886942718615341     
 -0.21663149388915803        9.6845030524006841     
 -0.21663149388915803       -9.6845030524006841     
  0.11330147580787597        10.777153988800867     
  0.11330147580787597       -10.777153988800867     
 -0.11342820617249250        10.737994084978510     
 -0.11342820617249250       -10.737994084978510     
  -8.6902010276168618E-004   10.587108014685654     
  -8.6902010276168618E-004  -10.587108014685654     
   2.2312012930048586E-003   10.582850054162023     
   2.2312012930048586E-003  -10.582850054162023     
  -3.2835330616588672E-002   10.867002035233318     
  -3.2835330616588672E-002  -10.867002035233318     
   1.3709776762960479E-002   10.966460771221612     
   1.3709776762960479E-002  -10.966460771221612     
  -1.1977859817633885E-002   11.204936821422608     
  -1.1977859817633885E-002  -11.204936821422608     
   1.9105848086712784E-002   11.382609064804951     
   1.9105848086712784E-002  -11.382609064804951     
   1.8470996486044111E-003   11.439212417758522     
   1.8470996486044111E-003  -11.439212417758522     
   3.9578623950936587E-004   11.441051783086206     
   3.9578623950936587E-004  -11.441051783086206     
  -1.4802109310372291E-002   9.4714622339940977     
  -1.4802109310372291E-002  -9.4714622339940977     
 -0.12376265050337043        9.3446541746638569     
 -0.12376265050337043       -9.3446541746638569     
  0.10042378058226975        9.3371899294565548     
  0.10042378058226975       -9.3371899294565548     
  -1.1822021143406580E-002   9.4004269699633145     
  -1.1822021143406580E-002  -9.4004269699633145     
   4.6858979206074736E-003   9.3881984833676810     
   4.6858979206074736E-003  -9.3881984833676810     
   3.9871289179519431E-003   9.2830018567181334     
   3.9871289179519431E-003  -9.2830018567181334     
   3.6728844842896180E-002   9.2815888062100029     
   3.6728844842896180E-002  -9.2815888062100029     
   6.8322640809093116E-003   9.2367124009834534     
   6.8322640809093116E-003  -9.2367124009834534     
   1.9037170353199961E-002   8.8891236176771606     
   1.9037170353199961E-002  -8.8891236176771606     
  -2.4595948774247312E-002   8.8104038488146834     
  -2.4595948774247312E-002  -8.8104038488146834     
  -4.8648423083972214E-002   7.9075615467601530     
  -4.8648423083972214E-002  -7.9075615467601530     
  -9.4742072781832665E-003   7.9224697830155391     
  -9.4742072781832665E-003  -7.9224697830155391     
 -0.12284615095759643        8.6617399792032543     
 -0.12284615095759643       -8.6617399792032543     
   6.1158346684742959E-002   7.9956309770691503     
   6.1158346684742959E-002  -7.9956309770691503     
   1.1705263526090803E-002   8.6636498834554487     
   1.1705263526090803E-002  -8.6636498834554487     
  0.11316783458132473        8.6358872991981848     
  0.11316783458132473       -8.6358872991981848     
  0.14985530132212160        8.5472489566568992     
  0.14985530132212160       -8.5472489566568992     
 -0.17015800228875699        8.4270655513267965     
 -0.17015800228875699       -8.4270655513267965     
   8.2553796451241723E-002   8.3843043478878556     
   8.2553796451241723E-002  -8.3843043478878556     
  -3.7356377962571852E-002   8.4573748996549369     
  -3.7356377962571852E-002  -8.4573748996549369     
   5.0482280853481054E-002   8.4593079161738665     
   5.0482280853481054E-002  -8.4593079161738665     
  -1.4406242145919901E-002   8.2806870189639596     
  -1.4406242145919901E-002  -8.2806870189639596     
  -7.7001428861025456E-003   8.4024983683965111     
  -7.7001428861025456E-003  -8.4024983683965111     
   8.9003686541926919E-003   7.3538904291510914     
   8.9003686541926919E-003  -7.3538904291510914     
  -5.9684024158544513E-002   7.5861990459821671     
  -5.9684024158544513E-002  -7.5861990459821671     
   1.8334037770171341E-002   7.7081366786635739     
   1.8334037770171341E-002  -7.7081366786635739     
  -1.2440760110734791E-002   7.8308233939841756     
  -1.2440760110734791E-002  -7.8308233939841756     
   3.2894790299666576E-002   7.1659240070403785     
   3.2894790299666576E-002  -7.1659240070403785     
  -5.3657635093985578E-002   7.1250264138820443     
  -5.3657635093985578E-002  -7.1250264138820443     
  0.10030741676541921        7.0868198771432231     
  0.10030741676541921       -7.0868198771432231     
  -7.9446564938519204E-002   7.0191067773730156     
  -7.9446564938519204E-002  -7.0191067773730156     
   5.0648063227003881E-002   6.8523672100189170     
   5.0648063227003881E-002  -6.8523672100189170     
 -0.20675130395935071        6.6488943536083491     
 -0.20675130395935071       -6.6488943536083491     
  0.20388274926262429        6.6211591818019366     
  0.20388274926262429       -6.6211591818019366     
  -6.7045226641540223E-002   6.7576091654133226     
  -6.7045226641540223E-002  -6.7576091654133226     
  0.22341880940405368        6.4723097026082019     
  0.22341880940405368       -6.4723097026082019     
   3.9951415499105525E-002   6.6302704137195940     
   3.9951415499105525E-002  -6.6302704137195940     
 -0.16748702882191308        6.4925823020154310     
 -0.16748702882191308       -6.4925823020154310     
  -7.0018667954036662E-002   6.5387037033223612     
  -7.0018667954036662E-002  -6.5387037033223612     
   2.4525596573629738E-002   6.3556920962245869     
   2.4525596573629738E-002  -6.3556920962245869     
  -1.4139259905434631E-003   6.0355485745113056     
  -1.4139259905434631E-003  -6.0355485745113056     
   6.1857388116905165E-004   6.0346866336447453     
   6.1857388116905165E-004  -6.0346866336447453     
  -5.7998009808534423E-002   6.2595298266429342     
  -5.7998009808534423E-002  -6.2595298266429342     
  -5.9789511873817869E-003   6.1721438397684230     
  -5.9789511873817869E-003  -6.1721438397684230     
   1.4521576583617635E-004   6.1816148905648864     
   1.4521576583617635E-004  -6.1816148905648864     
   4.3033982847329177E-004   6.1783743554854205     
   4.3033982847329177E-004  -6.1783743554854205     
   3.0075972981958313E-002   6.2739114871438622     
   3.0075972981958313E-002  -6.2739114871438622     
   1.0656758467009197E-004   6.2461497465860027     
   1.0656758467009197E-004  -6.2461497465860027     
  -9.8959470482495870E-005   6.2461979676956831     
  -9.8959470482495870E-005  -6.2461979676956831     
   2.6585786668364975E-005   6.2728313102303099     
   2.6585786668364975E-005  -6.2728313102303099     
  -4.6140211696799049E-005   6.2728391427048269     
  -4.6140211696799049E-005  -6.2728391427048269     
   2.5519910784588262E-007   6.2810686248983725     
   2.5519910784588262E-007  -6.2810686248983725     
   4.0498788673737351E-006   6.2810666087221287     
   4.0498788673737351E-006  -6.2810666087221287     
   9.4706933351229594E-007   6.2829085658278538     
   9.4706933351229594E-007  -6.2829085658278538     
  -1.0276251186103202E-007   6.2829079511940868     
  -1.0276251186103202E-007  -6.2829079511940868     
   1.2007194749585892E-007   6.2831669321251926     
   1.2007194749585892E-007  -6.2831669321251926     
  -2.3140311888880660E-009   6.2831669628233682     
  -2.3140311888880660E-009  -6.2831669628233682     
   5.5329962833639001E-011   6.2831852784053543     
   5.5329962833639001E-011  -6.2831852784053543     
  -1.0794389826429551E-009   6.2831848169562230     
  -1.0794389826429551E-009  -6.2831848169562230     
  -9.3825566760408208E-010   6.2831848150739296     
  -9.3825566760408208E-010  -6.2831848150739296     
   6.2515415091137366E-002   5.2372265785978129     
   6.2515415091137366E-002  -5.2372265785978129     
   6.9414491662751224E-002   5.2582922033354684     
   6.9414491662751224E-002  -5.2582922033354684     
  -6.8686274936629793E-002   5.3364675219484425     
  -6.8686274936629793E-002  -5.3364675219484425     
   2.4513185625920086E-002   5.6294961220926707     
   2.4513185625920086E-002  -5.6294961220926707     
  -8.2947453693851536E-002   5.5518170819498884     
  -8.2947453693851536E-002  -5.5518170819498884     
   6.8515031513771807E-002   5.4898143631227105     
   6.8515031513771807E-002  -5.4898143631227105     
  -5.1328764980996394E-004   5.7790993254330143     
  -5.1328764980996394E-004  -5.7790993254330143     
   6.8341578780322348E-002   5.3718148663039358     
   6.8341578780322348E-002  -5.3718148663039358     
   1.9980489465148965E-003   5.7742745812747680     
   1.9980489465148965E-003  -5.7742745812747680     
  -1.1112640618271219E-002   5.4797604430264117     
  -1.1112640618271219E-002  -5.4797604430264117     
  -4.4327067330402151E-003   5.3666187355440300     
  -4.4327067330402151E-003  -5.3666187355440300     
   9.8141380448174553E-004   5.3717617539755382     
   9.8141380448174553E-004  -5.3717617539755382     
  -3.8508679646139559        0.0000000000000000     
  -7.7518201137435863E-002   5.0908261303378488     
  -7.7518201137435863E-002  -5.0908261303378488     
  -1.7637870874148288E-002   5.1032973915053255     
  -1.7637870874148288E-002  -5.1032973915053255     
  0.14216911541010013        4.4257692635021550     
  0.14216911541010013       -4.4257692635021550     
   1.0587045552838625E-002   5.0036262696520630     
   1.0587045552838625E-002  -5.0036262696520630     
   1.3745502526107262E-003   4.9620933794416615     
   1.3745502526107262E-003  -4.9620933794416615     
  -1.1982805583043182E-002   4.4102118888707551     
  -1.1982805583043182E-002  -4.4102118888707551     
   5.5802831829349198E-002   4.9126877555761350     
   5.5802831829349198E-002  -4.9126877555761350     
  0.11203470149601258        4.6976941631579958     
  0.11203470149601258       -4.6976941631579958     
  -1.4551776721874229E-002   4.8503460810131749     
  -1.4551776721874229E-002  -4.8503460810131749     
  -8.2615351893015360E-002   4.7641879389198118     
  -8.2615351893015360E-002  -4.7641879389198118     
  -5.2392421845895973E-002   4.5710981329416862     
  -5.2392421845895973E-002  -4.5710981329416862     
   1.8302615019212334E-002   4.7785111187862501     
   1.8302615019212334E-002  -4.7785111187862501     
  -1.7310199202069988E-002   4.7754611445450577     
  -1.7310199202069988E-002  -4.7754611445450577     
  -4.9585847353012101E-002   4.6862866503244920     
  -4.9585847353012101E-002  -4.6862866503244920     
  -3.2017976037701850        0.0000000000000000     
   3.1535406391074345        0.0000000000000000     
   3.1451811385721373        0.0000000000000000     
  0.32527328333046057        4.3351459919261766     
  0.32527328333046057       -4.3351459919261766     
 -0.30691128462402828        4.3539427808796729     
 -0.30691128462402828       -4.3539427808796729     
 -0.11684098128623899        4.4021888294835891     
 -0.11684098128623899       -4.4021888294835891     
  -2.9376914284256095E-002   4.3199869288846751     
  -2.9376914284256095E-002  -4.3199869288846751     
   4.0428507459244020E-002   4.2300202292734710     
   4.0428507459244020E-002  -4.2300202292734710     
  -2.9218915331708381E-002   4.2092092827999315     
  -2.9218915331708381E-002  -4.2092092827999315     
  -2.7434140689074057E-002   4.0490637370315445     
  -2.7434140689074057E-002  -4.0490637370315445     
   3.8072311987929486E-002   4.0378378221329800     
   3.8072311987929486E-002  -4.0378378221329800     
 -0.10211584047859507        4.0069726331026940     
 -0.10211584047859507       -4.0069726331026940     
   3.0190076874008317E-002   3.9848998141079512     
   3.0190076874008317E-002  -3.9848998141079512     
   6.3169583570750146E-003   3.8630928166079403     
   6.3169583570750146E-003  -3.8630928166079403     
  -2.2671692551602722E-002   3.9220267494725083     
  -2.2671692551602722E-002  -3.9220267494725083     
  -2.9822724943020362        0.0000000000000000     
  -2.9508932018986882        0.0000000000000000     
   8.9776693194531743E-002   3.4596642363535928     
   8.9776693194531743E-002  -3.4596642363535928     
  -2.8679230320066038        0.0000000000000000     
  -8.9953572117141500E-002   3.4056900348634467     
  -8.9953572117141500E-002  -3.4056900348634467     
   5.1064518572200290E-003   3.3351660276847594     
   5.1064518572200290E-003  -3.3351660276847594     
  -5.5364255000803081E-002   3.2553914876728789     
  -5.5364255000803081E-002  -3.2553914876728789     
   2.8184254271768205        0.0000000000000000     
   2.7950199287795923        0.0000000000000000     
  0.14325747788100457        3.0720394122380079     
  0.14325747788100457       -3.0720394122380079     
  -2.9966041625454354E-003   3.1076042152472381     
  -2.9966041625454354E-003  -3.1076042152472381     
  -9.0090265048359486E-002   3.0503285150538773     
  -9.0090265048359486E-002  -3.0503285150538773     
   1.7145385480267894E-002   3.0532754083536395     
   1.7145385480267894E-002  -3.0532754083536395     
   2.7672752854027047        0.0000000000000000     
  -2.6572137696033322        0.0000000000000000     
  -2.6055723648686948        0.0000000000000000     
  -3.5276491515320030E-002   2.7169687859815013     
  -3.5276491515320030E-002  -2.7169687859815013     
   2.6304561569031386        0.0000000000000000     
  -2.5694781297437919        7.6114087095767394E-003
  -2.5694781297437919       -7.6114087095767394E-003
   2.5859523947554290        0.0000000000000000     
   2.5888565920423590        0.0000000000000000     
   1.7100958570146790E-002   2.6469663083326056     
   1.7100958570146790E-002  -2.6469663083326056     
  -2.5493688763386251        0.0000000000000000     
  -2.5190247417765921        0.0000000000000000     
   2.5270587884110154        0.0000000000000000     
   2.4662589571907372       0.13204372524664823     
   2.4662589571907372      -0.13204372524664823     
   2.4743440073274665        0.0000000000000000     
   2.4528941126656694        4.2120658333179836E-002
   2.4528941126656694       -4.2120658333179836E-002
   2.3902130030078026        2.3055839194392240E-002
   2.3902130030078026       -2.3055839194392240E-002
  -2.3662659819500709        3.1050055813149787E-002
  -2.3662659819500709       -3.1050055813149787E-002
  -2.3879824377802077        0.0000000000000000     
  -2.3717319442448863        0.0000000000000000     
   2.3146439770323686        5.5855894531466006E-002
   2.3146439770323686       -5.5855894531466006E-002
   6.2793792239998689E-002   2.5095768887082741     
   6.2793792239998689E-002  -2.5095768887082741     
 -0.14494720489918164        2.4737107656366093     
 -0.14494720489918164       -2.4737107656366093     
   4.6317600330006904E-002   2.4560145002111260     
   4.6317600330006904E-002  -2.4560145002111260     
  0.19587317783786717        2.3814943371466240     
  0.19587317783786717       -2.3814943371466240     
 -0.14156404568053027        2.4055290075574236     
 -0.14156404568053027       -2.4055290075574236     
  0.33165869223139377        2.2121149704211414     
  0.33165869223139377       -2.2121149704211414     
  -1.6763781297975400E-002   2.3498254395784048     
  -1.6763781297975400E-002  -2.3498254395784048     
   3.4240954553199809E-002   2.3004995858457109     
   3.4240954553199809E-002  -2.3004995858457109     
   9.9274766179333396E-002   2.2702740913412804     
   9.9274766179333396E-002  -2.2702740913412804     
 -0.11547766445593549        2.2677834252743434     
 -0.11547766445593549       -2.2677834252743434     
   8.7038527128458554E-002   2.2264846776439464     
   8.7038527128458554E-002  -2.2264846776439464     
   2.2574671876749508        0.0000000000000000     
  -4.9062544064754521E-002   2.2074926273745685     
  -4.9062544064754521E-002  -2.2074926273745685     
   2.2438491144236443        0.0000000000000000     
 -0.23686149784777885        2.1510495689394662     
 -0.23686149784777885       -2.1510495689394662     
   2.2310306299192599        0.0000000000000000     
   2.1268710489581348       0.16245311994838846     
   2.1268710489581348      -0.16245311994838846     
   2.5292166860860998E-002   2.1328912422006869     
   2.5292166860860998E-002  -2.1328912422006869     
   2.1749645614344812        0.0000000000000000     
 -0.19898300152143578        2.1029318128560592     
 -0.19898300152143578       -2.1029318128560592     
  -2.2962748348229951        0.0000000000000000     
   2.1525187219160049        4.2629518223699328E-002
   2.1525187219160049       -4.2629518223699328E-002
  -4.8055022187457032E-002   2.0755449354226991     
  -4.8055022187457032E-002  -2.0755449354226991     
 -0.15807849705344612        2.0355042166226864     
 -0.15807849705344612       -2.0355042166226864     
   2.1263169211136455        0.0000000000000000     
  -2.2388774272085676        8.3183190277910893E-002
  -2.2388774272085676       -8.3183190277910893E-002
   2.1158043322526643        0.0000000000000000     
 -0.31554682607305173        1.9268247702561545     
 -0.31554682607305173       -1.9268247702561545     
   1.9993610179963883        8.4233247696191754E-002
   1.9993610179963883       -8.4233247696191754E-002
   2.0550262716371854        0.0000000000000000     
  -2.2237918054630081        0.0000000000000000     
   2.0277436510602511        8.7605556962354423E-003
   2.0277436510602511       -8.7605556962354423E-003
   5.7918771547570309E-002   1.9754917513401780     
   5.7918771547570309E-002  -1.9754917513401780     
  -2.1622310285057336        0.0000000000000000     
  -2.1446993601287661        3.8931912374310533E-002
  -2.1446993601287661       -3.8931912374310533E-002
  -2.0936416478953110       0.10979229384691151     
  -2.0936416478953110      -0.10979229384691151     
  -2.1054548176749166        0.0000000000000000     
  -2.0413894045422327        4.1520155888086538E-002
  -2.0413894045422327       -4.1520155888086538E-002
   1.9482558045339466        0.0000000000000000     
  -2.0328501371314029        0.0000000000000000     
  -1.9528046480324486       0.16100183345897298     
  -1.9528046480324486      -0.16100183345897298     
  -2.0100418017543524        1.6834372950409054E-003
  -2.0100418017543524       -1.6834372950409054E-003
  -1.9408148127472100        9.7330812431509914E-002
  -1.9408148127472100       -9.7330812431509914E-002
  -1.9909450537100624        0.0000000000000000     
  -8.7715294899556706E-002   1.9261527892293167     
  -8.7715294899556706E-002  -1.9261527892293167     
  0.11469781524555522        1.8772823564078349     
  0.11469781524555522       -1.8772823564078349     
  0.20546399967568701        1.8180438895879916     
  0.20546399967568701       -1.8180438895879916     
  0.38827954001497023        1.6802608128779166     
  0.38827954001497023       -1.6802608128779166     
  -6.5121170614536705E-002   1.7369267620610211     
  -6.5121170614536705E-002  -1.7369267620610211     
   1.4519324628277791E-002   1.7210727055239241     
   1.4519324628277791E-002  -1.7210727055239241     
 -0.26085374881741541        1.6636825811038360     
 -0.26085374881741541       -1.6636825811038360     
  -5.5540865194435671E-002   1.7194344253118423     
  -5.5540865194435671E-002  -1.7194344253118423     
  -1.8713974875756949       0.16666973394016521     
  -1.8713974875756949      -0.16666973394016521     
  -1.9279433390508456        2.1310344232115856E-002
  -1.9279433390508456       -2.1310344232115856E-002
  -1.8300616053019150       0.17911569962879548     
  -1.8300616053019150      -0.17911569962879548     
  -1.7660449124850119       0.19051288455210028     
  -1.7660449124850119      -0.19051288455210028     
   1.9019882264229386       0.16109768628508950     
   1.9019882264229386      -0.16109768628508950     
   1.8150553805238840       0.22949162757497715     
   1.8150553805238840      -0.22949162757497715     
  -1.8306323302396108        0.0000000000000000     
   1.9130460571942551        6.9995865186307085E-002
   1.9130460571942551       -6.9995865186307085E-002
   1.8837414890508137        5.1977028962449469E-002
   1.8837414890508137       -5.1977028962449469E-002
   1.9094665655807226        0.0000000000000000     
  -1.8075094459269689        0.0000000000000000     
   1.7858986264756247       0.14864132143242018     
   1.7858986264756247      -0.14864132143242018     
   1.8859520002760959        0.0000000000000000     
   1.8201265327608391        8.6789076350549915E-002
   1.8201265327608391       -8.6789076350549915E-002
  -1.7619948004036341        2.2235181746080957E-002
  -1.7619948004036341       -2.2235181746080957E-002
   1.8432744259698453        0.0000000000000000     
   1.8023528229014334        0.0000000000000000     
   1.7049576670423012       0.12904103470976716     
   1.7049576670423012      -0.12904103470976716     
   1.7594544941577523        0.0000000000000000     
   1.7106007705330222        5.9569444937162937E-002
   1.7106007705330222       -5.9569444937162937E-002
  0.18264258023791738        1.5579201678531198     
  0.18264258023791738       -1.5579201678531198     
 -0.15346011061804016        1.4531045729367216     
 -0.15346011061804016       -1.4531045729367216     
 -0.28077234298747300        1.3966424943216591     
 -0.28077234298747300       -1.3966424943216591     
  -5.1903377206115653E-002   1.4418362289111042     
  -5.1903377206115653E-002  -1.4418362289111042     
  -1.7278979518308462        7.4218490140416482E-002
  -1.7278979518308462       -7.4218490140416482E-002
  -1.7214282090167481        0.0000000000000000     
  -1.6602832349012460       0.14299863688616843     
  -1.6602832349012460      -0.14299863688616843     
  -1.5505579637566764       0.18922411478678028     
  -1.5505579637566764      -0.18922411478678028     
  -1.6000753721394601       0.14810089195406406     
  -1.6000753721394601      -0.14810089195406406     
  -1.6703216126943485        4.5221911169056696E-002
  -1.6703216126943485       -4.5221911169056696E-002
  -1.6075152548195286       0.10601188423926644     
  -1.6075152548195286      -0.10601188423926644     
  -1.6428540629170523        2.0081637349015895E-002
  -1.6428540629170523       -2.0081637349015895E-002
   1.6685510299553417       0.22802614142518710     
   1.6685510299553417      -0.22802614142518710     
   1.5671488752529812       0.28527993047360967     
   1.5671488752529812      -0.28527993047360967     
  -1.6024363437397062        0.0000000000000000     
   1.6508923274747629       0.18140033795807542     
   1.6508923274747629      -0.18140033795807542     
   1.5484511317941383       0.25343678799850317     
   1.5484511317941383      -0.25343678799850317     
   1.5817506659839946       0.15995020715147468     
   1.5817506659839946      -0.15995020715147468     
   1.6843624322133102        0.0000000000000000     
   1.6367190593200573        7.2374386621972070E-002
   1.6367190593200573       -7.2374386621972070E-002
   1.6020873025190205        6.6428097068203545E-002
   1.6020873025190205       -6.6428097068203545E-002
   1.5790383087775606       0.10195262592984909     
   1.5790383087775606      -0.10195262592984909     
   1.6125563544861095        0.0000000000000000     
   1.5971719354268341        0.0000000000000000     
  -4.7047277972061825E-002   1.3557809616049226     
  -4.7047277972061825E-002  -1.3557809616049226     
  0.15408885454966681        1.3382862803735864     
  0.15408885454966681       -1.3382862803735864     
 -0.21338602216495256        1.2895181187060789     
 -0.21338602216495256       -1.2895181187060789     
  0.12476440912282549        1.2007169106286437     
  0.12476440912282549       -1.2007169106286437     
   6.5677976267882160E-002   1.2043364871503635     
   6.5677976267882160E-002  -1.2043364871503635     
  -1.5094320794379419       0.23562875105455200     
  -1.5094320794379419      -0.23562875105455200     
  -1.4129669550269965       0.29840752483068494     
  -1.4129669550269965      -0.29840752483068494     
  -1.5578236935742920       0.11841488437210429     
  -1.5578236935742920      -0.11841488437210429     
  -1.5040692433986871        7.0584078861390315E-002
  -1.5040692433986871       -7.0584078861390315E-002
  -1.5119263808779131        4.3941478515463872E-002
  -1.5119263808779131       -4.3941478515463872E-002
  -1.4495049064918955       0.10897858347504603     
  -1.4495049064918955      -0.10897858347504603     
  -1.4565156893636182        6.9764620728341692E-002
  -1.4565156893636182       -6.9764620728341692E-002
   1.4472844497943202       0.28746276151326605     
   1.4472844497943202      -0.28746276151326605     
   1.2440586786669425       0.33828233935021140     
   1.2440586786669425      -0.33828233935021140     
   1.4688022791839108       0.22524373324358141     
   1.4688022791839108      -0.22524373324358141     
   1.5515176075111849        0.0000000000000000     
   1.3552383859436885       0.26224151996148637     
   1.3552383859436885      -0.26224151996148637     
   1.4425347181751500       0.18920165385287835     
   1.4425347181751500      -0.18920165385287835     
  -1.4379529787130985        3.2314219769954432E-002
  -1.4379529787130985       -3.2314219769954432E-002
   1.4205232975585500       0.18082907300119880     
   1.4205232975585500      -0.18082907300119880     
   1.4873755606495820        9.9073734840885493E-003
   1.4873755606495820       -9.9073734840885493E-003
   1.4410713241428939       0.12672451531818613     
   1.4410713241428939      -0.12672451531818613     
   1.4379673770759274        8.0738185336702142E-002
   1.4379673770759274       -8.0738185336702142E-002
   7.8343825418856164E-002   1.0977050826918875     
   7.8343825418856164E-002  -1.0977050826918875     
 -0.28444936927166620       0.94758847142689029     
 -0.28444936927166620      -0.94758847142689029     
   1.2412467849304221       0.29422002928179358     
   1.2412467849304221      -0.29422002928179358     
  -1.3607908753875577       0.22842584586200132     
  -1.3607908753875577      -0.22842584586200132     
  -1.2902396476718470       0.27758653025974128     
  -1.2902396476718470      -0.27758653025974128     
   1.2942190582275743       0.20586257729898566     
   1.2942190582275743      -0.20586257729898566     
  -1.2224676644264818       0.26672754107381508     
  -1.2224676644264818      -0.26672754107381508     
  -1.3793495445438664       0.14066031370189250     
  -1.3793495445438664      -0.14066031370189250     
   1.3955269785119200        0.0000000000000000     
   1.3751184809090709        0.0000000000000000     
   1.3560441531726959        6.0117226713787615E-002
   1.3560441531726959       -6.0117226713787615E-002
   1.3219041754077465       0.12692435640380520     
   1.3219041754077465      -0.12692435640380520     
  -1.3244178469590326       0.13929529518970715     
  -1.3244178469590326      -0.13929529518970715     
  -1.3666076433462315        2.2796539111515229E-002
  -1.3666076433462315       -2.2796539111515229E-002
  -1.2762965857291642       0.17842911024090038     
  -1.2762965857291642      -0.17842911024090038     
   1.3348934871020079        0.0000000000000000     
  -1.3286306953290168        7.9584808383745320E-002
  -1.3286306953290168       -7.9584808383745320E-002
  -1.2698164880645504       0.13190181461384826     
  -1.2698164880645504      -0.13190181461384826     
   1.2336501840351466       0.19750858213045083     
   1.2336501840351466      -0.19750858213045083     
   1.2878553256357674       0.10855567881636208     
   1.2878553256357674      -0.10855567881636208     
 -0.34923318125452740       0.87101482891411286     
 -0.34923318125452740      -0.87101482891411286     
  0.32569353444660804       0.85286345030145216     
  0.32569353444660804      -0.85286345030145216     
  -4.0276174491271827E-002  0.88225481882480539     
  -4.0276174491271827E-002 -0.88225481882480539     
 -0.12957095439910532       0.72649914203152821     
 -0.12957095439910532      -0.72649914203152821     
  0.98277089938678508       0.39130852071078442     
  0.98277089938678508      -0.39130852071078442     
 -0.98800874067676747       0.40897108658852999     
 -0.98800874067676747      -0.40897108658852999     
   1.1860371549159945       0.25835092623304567     
   1.1860371549159945      -0.25835092623304567     
  -1.0437937889952398       0.32110160760382239     
  -1.0437937889952398      -0.32110160760382239     
  -1.1214543810700577       0.28694997904254371     
  -1.1214543810700577      -0.28694997904254371     
  -1.1693594023158160       0.24590163656402672     
  -1.1693594023158160      -0.24590163656402672     
   1.0451010697009462       0.28211469150896790     
   1.0451010697009462      -0.28211469150896790     
   1.2312395956970406       0.15637543710860771     
   1.2312395956970406      -0.15637543710860771     
  -1.2934126311378185        4.1564617331736831E-002
  -1.2934126311378185       -4.1564617331736831E-002
   1.1889811328373934       0.16832421613215895     
   1.1889811328373934      -0.16832421613215895     
  -1.1868582880417213       0.19643877887775607     
  -1.1868582880417213      -0.19643877887775607     
   1.2348286549278595        2.9879509345054324E-002
   1.2348286549278595       -2.9879509345054324E-002
  -1.2365742824474242        2.3650243779746248E-002
  -1.2365742824474242       -2.3650243779746248E-002
   1.2458398379196574        0.0000000000000000     
  -1.2111321787994105        8.2121070631831827E-002
  -1.2111321787994105       -8.2121070631831827E-002
  -1.1497233029153240       0.18610102543418564     
  -1.1497233029153240      -0.18610102543418564     
   1.2038382299450614        7.0015276232061122E-002
   1.2038382299450614       -7.0015276232061122E-002
   1.1384258086975905       0.16475561807756697     
   1.1384258086975905      -0.16475561807756697     
  -1.2168875131824453        0.0000000000000000     
  0.47027907351970122       0.69330694890986089     
  0.47027907351970122      -0.69330694890986089     
   6.4527177416526388E-002  0.77785604209101022     
   6.4527177416526388E-002 -0.77785604209101022     
  0.73596050189201434       0.51260107983939218     
  0.73596050189201434      -0.51260107983939218     
 -0.53504755909845714       0.62719755801414734     
 -0.53504755909845714      -0.62719755801414734     
  -4.8193335363565654E-002  0.69906399271050756     
  -4.8193335363565654E-002 -0.69906399271050756     
 -0.83035063908837281       0.47846843966609226     
 -0.83035063908837281      -0.47846843966609226     
  0.84147536406948265       0.44562985375889880     
  0.84147536406948265      -0.44562985375889880     
 -0.88889053833714815       0.43043845135837416     
 -0.88889053833714815      -0.43043845135837416     
 -0.94646693719262298       0.36188674817081551     
 -0.94646693719262298      -0.36188674817081551     
  -1.1832476233149740       0.10356852287491307     
  -1.1832476233149740      -0.10356852287491307     
  -1.0617939356922510       0.21998044453727048     
  -1.0617939356922510      -0.21998044453727048     
  -1.0757300998194248       0.20584816581480897     
  -1.0757300998194248      -0.20584816581480897     
  0.99447403156629077       0.26632075657181753     
  0.99447403156629077      -0.26632075657181753     
   1.1071226865939652       0.14639320665944683     
   1.1071226865939652      -0.14639320665944683     
   1.1707853544790643        6.4409697095677496E-002
   1.1707853544790643       -6.4409697095677496E-002
  -1.1734221593328682        0.0000000000000000     
  0.89868806821934810       0.33377926902205696     
  0.89868806821934810      -0.33377926902205696     
  -1.1159809001140846       0.12883851726849094     
  -1.1159809001140846      -0.12883851726849094     
   1.0253982752233215       0.17365211767116298     
   1.0253982752233215      -0.17365211767116298     
   1.1109425743590542        3.0064774417392449E-002
   1.1109425743590542       -3.0064774417392449E-002
  0.60533928753765820       0.55382756336621608     
  0.60533928753765820      -0.55382756336621608     
   1.0896131090131638       0.10900277326870882     
   1.0896131090131638      -0.10900277326870882     
   1.1053626361861948        0.0000000000000000     
  0.94418884306510331       0.22667201851639199     
  0.94418884306510331      -0.22667201851639199     
 -0.45808088760865684       0.58801586648853377     
 -0.45808088760865684      -0.58801586648853377     
  0.98066346989715925       0.18934302378813506     
  0.98066346989715925      -0.18934302378813506     
 -0.61334647852017787       0.52798983621935636     
 -0.61334647852017787      -0.52798983621935636     
   1.0526172279434942       0.10457580637212485     
   1.0526172279434942      -0.10457580637212485     
   1.0095887523643698        4.1890479816442693E-002
   1.0095887523643698       -4.1890479816442693E-002
   1.0400555311844812        0.0000000000000000     
 -0.86355078288630205       0.32158550618570186     
 -0.86355078288630205      -0.32158550618570186     
  -1.0145469986323681       0.22867062589310744     
  -1.0145469986323681      -0.22867062589310744     
  -1.1070599506422187       0.11047907409778988     
  -1.1070599506422187      -0.11047907409778988     
  -1.1416839551407865        2.0887381707703795E-002
  -1.1416839551407865       -2.0887381707703795E-002
 -0.88765878233091211       0.27372934944934141     
 -0.88765878233091211      -0.27372934944934141     
 -0.97700865874413823       0.20705284605685581     
 -0.97700865874413823      -0.20705284605685581     
  -1.1047001332694475        0.0000000000000000     
  -1.0385392518605370       0.12607122924384143     
  -1.0385392518605370      -0.12607122924384143     
  -1.0727356846957798        0.0000000000000000     
 -0.93965750867402020       0.20727591073923560     
 -0.93965750867402020      -0.20727591073923560     
  -1.0537691385494372        6.5619414154060168E-002
  -1.0537691385494372       -6.5619414154060168E-002
 -0.96778166183139780       0.13843449823652365     
 -0.96778166183139780      -0.13843449823652365     
  -1.0251658793984197        2.8291234207384452E-002
  -1.0251658793984197       -2.8291234207384452E-002
  0.28745787527680555       0.64480164248584715     
  0.28745787527680555      -0.64480164248584715     
 -0.28535824372301388       0.62358512682443845     
 -0.28535824372301388      -0.62358512682443845     
  0.81094023197705134       0.32354434806498983     
  0.81094023197705134      -0.32354434806498983     
  0.96955028067987659        0.0000000000000000     
  0.97097549353539736       0.12131680886550414     
  0.97097549353539736      -0.12131680886550414     
 -0.96193422040482079       0.10543455172453305     
 -0.96193422040482079      -0.10543455172453305     
  0.70947039602121742       0.36028627762165566     
  0.70947039602121742      -0.36028627762165566     
  0.82839647288330909       0.25421147810234507     
  0.82839647288330909      -0.25421147810234507     
  0.90647462426826686       0.15119332813271891     
  0.90647462426826686      -0.15119332813271891     
 -0.73193698179913391       0.36342607601327437     
 -0.73193698179913391      -0.36342607601327437     
 -0.66959303347135390       0.38071217572366456     
 -0.66959303347135390      -0.38071217572366456     
 -0.76945345898195083       0.29309264325653323     
 -0.76945345898195083      -0.29309264325653323     
  0.93194998602319334        2.9013383213812957E-002
  0.93194998602319334       -2.9013383213812957E-002
 -0.83444135605302105       0.23812146643766394     
 -0.83444135605302105      -0.23812146643766394     
 -0.91193136303826827       0.16387628728422635     
 -0.91193136303826827      -0.16387628728422635     
 -0.95380450952461027        6.2442741895430517E-002
 -0.95380450952461027       -6.2442741895430517E-002
 -0.93377736854798143        2.3078039389487985E-002
 -0.93377736854798143       -2.3078039389487985E-002
  0.62597378894155764       0.39736062056529353     
  0.62597378894155764      -0.39736062056529353     
  0.37392163572479631       0.51936029813215057     
  0.37392163572479631      -0.51936029813215057     
  0.73757789265086815       0.30684548891298724     
  0.73757789265086815      -0.30684548891298724     
  0.82035190794772839       0.21512774680919566     
  0.82035190794772839      -0.21512774680919566     
   5.2309548702072314E-002  0.59589761047010048     
   5.2309548702072314E-002 -0.59589761047010048     
  0.91925351669109012        5.3771426489033311E-002
  0.91925351669109012       -5.3771426489033311E-002
 -0.38209403753877236       0.52425440850231031     
 -0.38209403753877236      -0.52425440850231031     
 -0.55867322069181735       0.43326374119421246     
 -0.55867322069181735      -0.43326374119421246     
 -0.73278099868279911       0.29234955403173823     
 -0.73278099868279911      -0.29234955403173823     
 -0.82654118877909555       0.18849499959675842     
 -0.82654118877909555      -0.18849499959675842     
 -0.90108425450255381        6.2930041053828822E-002
 -0.90108425450255381       -6.2930041053828822E-002
 -0.89058804334625186        9.4435005241036516E-003
 -0.89058804334625186       -9.4435005241036516E-003
  0.61370688260617212       0.37569257007986029     
  0.61370688260617212      -0.37569257007986029     
  0.16500550294908917       0.56188379365010133     
  0.16500550294908917      -0.56188379365010133     
  0.50521873285196994       0.43374302324727559     
  0.50521873285196994      -0.43374302324727559     
 -0.40133552478372952       0.47814557040178807     
 -0.40133552478372952      -0.47814557040178807     
 -0.56780607848095266       0.35227540316499206     
 -0.56780607848095266      -0.35227540316499206     
 -0.83691006227778331       0.13159186017837463     
 -0.83691006227778331      -0.13159186017837463     
 -0.86866382358682426        9.2771573266569513E-002
 -0.86866382358682426       -9.2771573266569513E-002
 -0.13540268528283289       0.52850095712150191     
 -0.13540268528283289      -0.52850095712150191     
  0.23116319109608829       0.47324723898036569     
  0.23116319109608829      -0.47324723898036569     
  0.43236858367562692       0.40113168925779058     
  0.43236858367562692      -0.40113168925779058     
 -0.68461886844756892       0.27184274024023380     
 -0.68461886844756892      -0.27184274024023380     
  0.64393184935316450       0.27273044121847129     
  0.64393184935316450      -0.27273044121847129     
  0.86735049848906776        0.0000000000000000     
  0.84614658088926664        9.0052512791917852E-002
  0.84614658088926664       -9.0052512791917852E-002
  0.85947905144157555        0.0000000000000000     
  0.76799119208954658       0.18132153445907911     
  0.76799119208954658      -0.18132153445907911     
  0.69586464912647550       0.21523945761077443     
  0.69586464912647550      -0.21523945761077443     
  0.78596599638483344       0.14574600242615623     
  0.78596599638483344      -0.14574600242615623     
 -0.82572569170022070       0.10948513493448571     
 -0.82572569170022070      -0.10948513493448571     
  0.80903569181402946        9.8392525849235302E-002
  0.80903569181402946       -9.8392525849235302E-002
  -9.5354798380135053E-002  0.50799336223483127     
  -9.5354798380135053E-002 -0.50799336223483127     
   5.4440576601709603E-002  0.49208479106618030     
   5.4440576601709603E-002 -0.49208479106618030     
 -0.42560889183046979       0.40601637548313213     
 -0.42560889183046979      -0.40601637548313213     
  0.82467980576144451        0.0000000000000000     
 -0.62175888698371962       0.26582686823208412     
 -0.62175888698371962      -0.26582686823208412     
 -0.60132416411487732       0.27584033086960008     
 -0.60132416411487732      -0.27584033086960008     
  0.81380775534093663        0.0000000000000000     
 -0.75916640118865364       0.16260467791084088     
 -0.75916640118865364      -0.16260467791084088     
 -0.76869420230325258       0.10511699411665965     
 -0.76869420230325258      -0.10511699411665965     
  0.78228752847703775        0.0000000000000000     
 -0.82035771875102492        2.2081190340275624E-002
 -0.82035771875102492       -2.2081190340275624E-002
 -0.80392335088245970        4.8492618019605097E-002
 -0.80392335088245970       -4.8492618019605097E-002
 -0.24199698982106332       0.40716518396786500     
 -0.24199698982106332      -0.40716518396786500     
  0.28095323766989300       0.38898587875808172     
  0.28095323766989300      -0.38898587875808172     
 -0.44656624776542525       0.33712989793803277     
 -0.44656624776542525      -0.33712989793803277     
 -0.49508253140857661       0.31417434728248755     
 -0.49508253140857661      -0.31417434728248755     
  0.47599212195176643       0.30354260835987545     
  0.47599212195176643      -0.30354260835987545     
  0.53941734764152183       0.27817484104485563     
  0.53941734764152183      -0.27817484104485563     
  0.57682047123661884       0.24850210347677162     
  0.57682047123661884      -0.24850210347677162     
  0.74648825425992538       0.11144731803846375     
  0.74648825425992538      -0.11144731803846375     
  0.74652979017502852        9.5473108515173086E-002
  0.74652979017502852       -9.5473108515173086E-002
 -0.65032033656925181       0.21783754604118000     
 -0.65032033656925181      -0.21783754604118000     
  0.66437337728399926       0.16809640828878877     
  0.66437337728399926      -0.16809640828878877     
  0.74289034217425498        0.0000000000000000     
  0.68455871913509037       0.14290437555692040     
  0.68455871913509037      -0.14290437555692040     
  0.60193965037312736       0.18623345514160800     
  0.60193965037312736      -0.18623345514160800     
 -0.70208217459550526       0.13877511759990310     
 -0.70208217459550526      -0.13877511759990310     
 -0.76246266764490001        3.2919169298635143E-002
 -0.76246266764490001       -3.2919169298635143E-002
 -0.65089147941126391       0.15416603407472257     
 -0.65089147941126391      -0.15416603407472257     
  0.63046525963118705       0.11904822218570857     
  0.63046525963118705      -0.11904822218570857     
 -0.68731459376295478        8.3111621553942666E-002
 -0.68731459376295478       -8.3111621553942666E-002
 -0.66415740391068590       0.12233965343591362     
 -0.66415740391068590      -0.12233965343591362     
  0.68859815796743418        0.0000000000000000     
  0.67030274189228778        4.8196000629021483E-002
  0.67030274189228778       -4.8196000629021483E-002
 -0.70706108673291368        2.2927202660254092E-002
 -0.70706108673291368       -2.2927202660254092E-002
  0.67020869685277151        0.0000000000000000     
 -0.70361035775185754        0.0000000000000000     
  0.69266577201792578        0.0000000000000000     
  -4.9527135072409689E-002  0.42156653588882481     
  -4.9527135072409689E-002 -0.42156653588882481     
  0.44128740740183903       0.27898184320369351     
  0.44128740740183903      -0.27898184320369351     
 -0.36432761755899867       0.32460335071734753     
 -0.36432761755899867      -0.32460335071734753     
 -0.31190001276608725       0.34094508426562092     
 -0.31190001276608725      -0.34094508426562092     
  0.14346207115427073       0.39041770483780952     
  0.14346207115427073      -0.39041770483780952     
  0.22955482746153577       0.36322788748012380     
  0.22955482746153577      -0.36322788748012380     
  0.33389902154607953       0.30569002972449244     
  0.33389902154607953      -0.30569002972449244     
 -0.56251329680072759       0.16859768297712463     
 -0.56251329680072759      -0.16859768297712463     
  0.55241651854331386       0.16870502209006347     
  0.55241651854331386      -0.16870502209006347     
 -0.50017232935847544       0.20834235927770808     
 -0.50017232935847544      -0.20834235927770808     
 -0.63961152769865437        0.0000000000000000     
  0.57790579560614508       0.12700272579711694     
  0.57790579560614508      -0.12700272579711694     
  0.48805001079541943       0.19418053243703995     
  0.48805001079541943      -0.19418053243703995     
  0.61125974793709237        3.8604842793553813E-002
  0.61125974793709237       -3.8604842793553813E-002
   5.4585812818433235E-002  0.37495870498664524     
   5.4585812818433235E-002 -0.37495870498664524     
   9.7781363389766007E-002  0.35735006583445439     
   9.7781363389766007E-002 -0.35735006583445439     
 -0.20780674046107767       0.33297658796582236     
 -0.20780674046107767      -0.33297658796582236     
  0.45851344036397756       0.19034053012290991     
  0.45851344036397756      -0.19034053012290991     
  -7.6419758465531701E-002  0.35468610312030430     
  -7.6419758465531701E-002 -0.35468610312030430     
 -0.41029996350572540       0.23744108253683574     
 -0.41029996350572540      -0.23744108253683574     
 -0.55952918076539748       0.13835023205602376     
 -0.55952918076539748      -0.13835023205602376     
  0.58167307458725537        0.0000000000000000     
  0.23135166735461615       0.31854187134224865     
  0.23135166735461615      -0.31854187134224865     
 -0.11513301700065284       0.33839180691113119     
 -0.11513301700065284      -0.33839180691113119     
 -0.57639735493592004        8.6227868503219424E-002
 -0.57639735493592004       -8.6227868503219424E-002
 -0.46368402592150970       0.17712899188088854     
 -0.46368402592150970      -0.17712899188088854     
  0.51687249600485430        8.0159582447853248E-002
  0.51687249600485430       -8.0159582447853248E-002
  0.50062892828703520       0.10365171933407658     
  0.50062892828703520      -0.10365171933407658     
   8.0078054984286003E-003  0.33113183979206345     
   8.0078054984286003E-003 -0.33113183979206345     
 -0.26225602917857171       0.29163823795330990     
 -0.26225602917857171      -0.29163823795330990     
  0.50905489776160917        0.0000000000000000     
  0.38729995327000244       0.20933616526446344     
  0.38729995327000244      -0.20933616526446344     
  -2.7126733952432654E-002  0.31424358250950907     
  -2.7126733952432654E-002 -0.31424358250950907     
 -0.58436787756680042        0.0000000000000000     
  0.42117297343288296       0.15291831256623029     
  0.42117297343288296      -0.15291831256623029     
  0.23304496486716086       0.24770292462940210     
  0.23304496486716086      -0.24770292462940210     
  0.26664255604654180       0.23984283548202145     
  0.26664255604654180      -0.23984283548202145     
   8.0368515690268635E-002  0.27404893661864321     
   8.0368515690268635E-002 -0.27404893661864321     
 -0.31061518433782087       0.24408743381406814     
 -0.31061518433782087      -0.24408743381406814     
 -0.56235045366217429        4.8472049506243307E-002
 -0.56235045366217429       -4.8472049506243307E-002
  0.44275352227144960        9.0795415682788455E-002
  0.44275352227144960       -9.0795415682788455E-002
  0.33881638642287959       0.19119229478770550     
  0.33881638642287959      -0.19119229478770550     
 -0.23579868748888183       0.24394922088908016     
 -0.23579868748888183      -0.24394922088908016     
 -0.55613645903529940        0.0000000000000000     
 -0.52291688682577309        7.4724159352683839E-002
 -0.52291688682577309       -7.4724159352683839E-002
  0.34855244540953345       0.16397383897093076     
  0.34855244540953345      -0.16397383897093076     
 -0.51736855481369548        2.5440565130568117E-002
 -0.51736855481369548       -2.5440565130568117E-002
 -0.48383025782018751        8.6749136975131480E-002
 -0.48383025782018751       -8.6749136975131480E-002
 -0.40812768746454864       0.15346210930880413     
 -0.40812768746454864      -0.15346210930880413     
 -0.43491006833165669       0.13503595444510769     
 -0.43491006833165669      -0.13503595444510769     
 -0.47659250797593039        0.0000000000000000     
 -0.34526417910524698       0.14721696452082739     
 -0.34526417910524698      -0.14721696452082739     
 -0.46511188322919850        0.0000000000000000     
 -0.41845411062025567        6.9967042779240360E-002
 -0.41845411062025567       -6.9967042779240360E-002
 -0.29789961609655025       0.18378860409892872     
 -0.29789961609655025      -0.18378860409892872     
  0.46238707617141234        0.0000000000000000     
  0.43971889216009791        2.0844504825689052E-002
  0.43971889216009791       -2.0844504825689052E-002
 -0.13011063706595133       0.24056729666164794     
 -0.13011063706595133      -0.24056729666164794     
  0.23505386483937463       0.20263420476675234     
  0.23505386483937463      -0.20263420476675234     
 -0.41114150572740954        0.0000000000000000     
  0.40132132661890207        7.5507604323554578E-002
  0.40132132661890207       -7.5507604323554578E-002
 -0.37948909360745947        5.7097759329186391E-002
 -0.37948909360745947       -5.7097759329186391E-002
  0.38578601899605958        5.4776548057676615E-002
  0.38578601899605958       -5.4776548057676615E-002
  -3.5653243307506896E-002  0.23457785710764742     
  -3.5653243307506896E-002 -0.23457785710764742     
 -0.30036162847568521       0.11492803708493016     
 -0.30036162847568521      -0.11492803708493016     
 -0.34015339773265479        3.9091930345645724E-002
 -0.34015339773265479       -3.9091930345645724E-002
  0.17927090727647521       0.19179548397648796     
  0.17927090727647521      -0.19179548397648796     
   4.7760321677383880E-002  0.21408050268419834     
   4.7760321677383880E-002 -0.21408050268419834     
 -0.33457930196645169        0.0000000000000000     
   1.0356538631979252E-002  0.21299110596375909     
   1.0356538631979252E-002 -0.21299110596375909     
 -0.21243254820562629       0.16196295945272990     
 -0.21243254820562629      -0.16196295945272990     
  0.32495981556304121       0.10634234733604125     
  0.32495981556304121      -0.10634234733604125     
  0.35906202787853791        0.0000000000000000     
  0.10998764022439089       0.19796713097608321     
  0.10998764022439089      -0.19796713097608321     
 -0.12477134345877020       0.18810533401286286     
 -0.12477134345877020      -0.18810533401286286     
 -0.23338976414029500       0.12861925243165465     
 -0.23338976414029500      -0.12861925243165465     
  0.29022009185996456        9.7086272835886264E-002
  0.29022009185996456       -9.7086272835886264E-002
  0.33101536941005572        3.4769070915034679E-002
  0.33101536941005572       -3.4769070915034679E-002
 -0.25949386456970491        7.2113447990798760E-002
 -0.25949386456970491       -7.2113447990798760E-002
  -9.0900295739956283E-002  0.17189236091635832     
  -9.0900295739956283E-002 -0.17189236091635832     
   4.1667219993927529E-002  0.17373042175230527     
   4.1667219993927529E-002 -0.17373042175230527     
  0.13368173159255553       0.15135874038124639     
  0.13368173159255553      -0.15135874038124639     
  0.22421388515470925       0.11815238421023240     
  0.22421388515470925      -0.11815238421023240     
 -0.14509059041139849       0.14151449271011113     
 -0.14509059041139849      -0.14151449271011113     
  0.28389754102630904        4.3730213051304360E-002
  0.28389754102630904       -4.3730213051304360E-002
  0.29144684159810380        0.0000000000000000     
 -0.17743474666057096       0.11361476851087035     
 -0.17743474666057096      -0.11361476851087035     
  0.21565165554905996        8.6582981782962018E-002
  0.21565165554905996       -8.6582981782962018E-002
  0.19130476129766871        7.5776998565140849E-002
  0.19130476129766871       -7.5776998565140849E-002
  0.22317237430557760        0.0000000000000000     
 -0.26012383898472818        3.6022326231071600E-002
 -0.26012383898472818       -3.6022326231071600E-002
 -0.27027554455605901        0.0000000000000000     
  0.18749273808775274        4.0813732696484362E-002
  0.18749273808775274       -4.0813732696484362E-002
  -1.9158560664766067E-002  0.13293808206501653     
  -1.9158560664766067E-002 -0.13293808206501653     
   3.1265470430924067E-003  0.12747046249429159     
   3.1265470430924067E-003 -0.12747046249429159     
  0.10360559259464322        7.8448119499035962E-002
  0.10360559259464322       -7.8448119499035962E-002
 -0.12494165939614210       0.10752448846696509     
 -0.12494165939614210      -0.10752448846696509     
  0.16707928234000893        0.0000000000000000     
 -0.20644744167755888        3.4795606344041080E-002
 -0.20644744167755888       -3.4795606344041080E-002
 -0.21718924650800497        0.0000000000000000     
 -0.15771606478203337        7.0283597223673069E-002
 -0.15771606478203337       -7.0283597223673069E-002
  0.12969739785514786        2.2271677559278055E-002
  0.12969739785514786       -2.2271677559278055E-002
 -0.17299231732316545        3.0325089644352068E-002
 -0.17299231732316545       -3.0325089644352068E-002
 -0.13606066920730614        6.0197902838241203E-002
 -0.13606066920730614       -6.0197902838241203E-002
   3.5225976708873313E-002   9.8711245057083105E-002
   3.5225976708873313E-002  -9.8711245057083105E-002
  -6.1131327439392022E-002   8.7517860530174366E-002
  -6.1131327439392022E-002  -8.7517860530174366E-002
  -8.6950276931670609E-002   7.1944846902313328E-002
  -8.6950276931670609E-002  -7.1944846902313328E-002
 -0.11862518829773959        0.0000000000000000     
   7.5419764746993551E-002   3.9860225813155438E-002
   7.5419764746993551E-002  -3.9860225813155438E-002
  -8.3021170580792905E-002   0.0000000000000000     
   6.2241362408404124E-002   0.0000000000000000     
  -2.0464755090096112E-003   3.7804788337410064E-002
  -2.0464755090096112E-003  -3.7804788337410064E-002
   4.0604406775014361E-002   0.0000000000000000     
  -3.0957689753763715E-002   0.0000000000000000     
  -4.5081855919351876E-002   0.0000000000000000     
   2.4091799313280912E-002   0.0000000000000000     
  -8.5520482637996579E-005   1.3993976411953669E-002
  -8.5520482637996579E-005  -1.3993976411953669E-002
  -4.9877857372276520E-003   9.3605233842363553E-003
  -4.9877857372276520E-003  -9.3605233842363553E-003
  -1.6419674126824019E-002   0.0000000000000000     
   8.3353762793940116E-003   0.0000000000000000     
   7.0598879449230263E-004   0.0000000000000000     
  -2.8523695338601149E-004   0.0000000000000000     
   3.3048626453872378E-004   0.0000000000000000     
   1.6375588250763426E-004   0.0000000000000000     
   2.7196094059857417E-006   8.6492363195775639E-007
   2.7196094059857417E-006  -8.6492363195775639E-007
   1.8790033169405739E-007   0.0000000000000000     
  -1.3526216158760580E-007   0.0000000000000000     
   5.6019807321091638E-010   0.0000000000000000     
   2.7178813346253338E-012   4.4771965060828463E-012
   2.7178813346253338E-012  -4.4771965060828463E-012
