   2.2437430309629747E-004   37.434722239589384     
   2.2437430309629747E-004  -37.434722239589384     
  -5.3566824789230694E-004   37.138280665543107     
  -5.3566824789230694E-004  -37.138280665543107     
   9.7628072195110605E-004   37.140644827428943     
   9.7628072195110605E-004  -37.140644827428943     
   2.8125056866556974E-005   36.521739350977541     
   2.8125056866556974E-005  -36.521739350977541     
   4.2664675194181712E-004   36.462423845608335     
   4.2664675194181712E-004  -36.462423845608335     
  -6.4657589288419359E-004   36.128644706730022     
  -6.4657589288419359E-004  -36.128644706730022     
  -3.2791627558914627E-004   36.278040957163768     
  -3.2791627558914627E-004  -36.278040957163768     
   1.3897270312526189E-003   36.132817837112341     
   1.3897270312526189E-003  -36.132817837112341     
   9.6553523880160697E-004   36.250368274747501     
   9.6553523880160697E-004  -36.250368274747501     
   6.8716117366296459E-004   36.279407526158955     
   6.8716117366296459E-004  -36.279407526158955     
  -5.3438935356631134E-004   36.251801473737352     
  -5.3438935356631134E-004  -36.251801473737352     
   6.2914543446490612E-004   35.539619101558152     
   6.2914543446490612E-004  -35.539619101558152     
  -4.0672641280359301E-004   35.540647482127483     
  -4.0672641280359301E-004  -35.540647482127483     
   1.2989072834952431E-003   35.139007429202927     
   1.2989072834952431E-003  -35.139007429202927     
  -5.2104798867680380E-004   35.141478409663513     
  -5.2104798867680380E-004  -35.141478409663513     
   1.4900554371513053E-003   34.764789020947916     
   1.4900554371513053E-003  -34.764789020947916     
  -9.6272721699719455E-004   34.768900906279953     
  -9.6272721699719455E-004  -34.768900906279953     
   1.1637905217281030E-003   34.283177345721043     
   1.1637905217281030E-003  -34.283177345721043     
  -8.6256633943371241E-004   34.286018710312916     
  -8.6256633943371241E-004  -34.286018710312916     
   1.0141860792645119E-004   33.847603745171384     
   1.0141860792645119E-004  -33.847603745171384     
   6.5957542365246979E-004   33.706929185010495     
   6.5957542365246979E-004  -33.706929185010495     
  -3.0123847681374355E-004   33.664564645088568     
  -3.0123847681374355E-004  -33.664564645088568     
   1.9500263982088484E-003   33.502875112772827     
   1.9500263982088484E-003  -33.502875112772827     
  -1.2120467335110519E-003   33.508861833939861     
  -1.2120467335110519E-003  -33.508861833939861     
   3.4779467576129264E-004   33.664941267580325     
   3.4779467576129264E-004  -33.664941267580325     
  -7.4182575004755336E-004   33.356845683125343     
  -7.4182575004755336E-004  -33.356845683125343     
   1.9255754369567057E-003   33.363277872466973     
   1.9255754369567057E-003  -33.363277872466973     
   3.4939470254435889E-004   33.101270350307210     
   3.4939470254435889E-004  -33.101270350307210     
  -2.4376305173112733E-004   33.101860156472071     
  -2.4376305173112733E-004  -33.101860156472071     
   5.0159525791926285E-004   32.689665854592597     
   5.0159525791926285E-004  -32.689665854592597     
   2.8582461980786178E-005   32.696940895591815     
   2.8582461980786178E-005  -32.696940895591815     
  -9.6437191316578463E-005   32.493653925195943     
  -9.6437191316578463E-005  -32.493653925195943     
   3.9569838250397282E-004   32.488463739232408     
   3.9569838250397282E-004  -32.488463739232408     
   1.5937125755700610E-003   32.327896484237961     
   1.5937125755700610E-003  -32.327896484237961     
   7.2590280975504129E-004   32.118872183642729     
   7.2590280975504129E-004  -32.118872183642729     
  -5.1758319217398707E-004   32.331412939322433     
  -5.1758319217398707E-004  -32.331412939322433     
  -6.0536909820907425E-004   32.121028843017783     
  -6.0536909820907425E-004  -32.121028843017783     
   7.3619719517914461E-005   31.266557131150744     
   7.3619719517914461E-005  -31.266557131150744     
   7.8954181222284925E-004   31.256733255958991     
   7.8954181222284925E-004  -31.256733255958991     
  -2.1131683844987648E-003   30.056843660544235     
  -2.1131683844987648E-003  -30.056843660544235     
  -1.3390850934271725E-003   30.153867663789640     
  -1.3390850934271725E-003  -30.153867663789640     
   2.4781956278498996E-003   30.641299032372466     
   2.4781956278498996E-003  -30.641299032372466     
   1.7779293383064498E-003   30.163002857626555     
   1.7779293383064498E-003  -30.163002857626555     
   2.3880030790239815E-003   30.067940895809897     
   2.3880030790239815E-003  -30.067940895809897     
  -1.4203493847633197E-003   30.650512600826119     
  -1.4203493847633197E-003  -30.650512600826119     
   1.3205546182692984E-004   30.676118882643440     
   1.3205546182692984E-004  -30.676118882643440     
   8.4298479797517700E-005   30.672285271504663     
   8.4298479797517700E-005  -30.672285271504663     
  -1.2932505279117379E-005   27.317667287131762     
  -1.2932505279117379E-005  -27.317667287131762     
   3.0811859629054084E-005   29.716742338995864     
   3.0811859629054084E-005  -29.716742338995864     
   8.1266341156904787E-005   27.424836052994149     
   8.1266341156904787E-005  -27.424836052994149     
   7.8712895010824013E-006   27.426908819825119     
   7.8712895010824013E-006  -27.426908819825119     
   7.3168204094731237E-004   29.494873474615982     
   7.3168204094731237E-004  -29.494873474615982     
  -1.6665890143308104E-004   29.593598855241581     
  -1.6665890143308104E-004  -29.593598855241581     
   2.0789446894653452E-004   29.593706766603258     
   2.0789446894653452E-004  -29.593706766603258     
   1.6327943640384035E-003   28.149308132304128     
   1.6327943640384035E-003  -28.149308132304128     
  -2.2077965083511231E-004   28.154447586517787     
  -2.2077965083511231E-004  -28.154447586517787     
  -8.0791988576134344E-004   29.151601619957152     
  -8.0791988576134344E-004  -29.151601619957152     
   2.2743063386458928E-003   29.159890911303030     
   2.2743063386458928E-003  -29.159890911303030     
   1.1053464955077530E-003   28.736314953803948     
   1.1053464955077530E-003  -28.736314953803948     
  -9.4874025576086041E-004   28.728864284844022     
  -9.4874025576086041E-004  -28.728864284844022     
   2.3153980975187949E-004   29.205947384187372     
   2.3153980975187949E-004  -29.205947384187372     
   7.6912033154652448E-004   28.359443418199778     
   7.6912033154652448E-004  -28.359443418199778     
   3.1523835608382456E-004   28.371209193511461     
   3.1523835608382456E-004  -28.371209193511461     
  -2.3928874797949362E-003   28.464017872534424     
  -2.3928874797949362E-003  -28.464017872534424     
  -1.4337118337959254E-004   29.206061153078654     
  -1.4337118337959254E-004  -29.206061153078654     
   9.2109430825715322E-005   28.503850390222627     
   9.2109430825715322E-005  -28.503850390222627     
  -3.8183989406137542E-004   28.505042263728395     
  -3.8183989406137542E-004  -28.505042263728395     
   3.9361762883034501E-003   28.476111383192446     
   3.9361762883034501E-003  -28.476111383192446     
   2.0920823802317301E-004   27.325922065773003     
   2.0920823802317301E-004  -27.325922065773003     
  -2.6861196210009597E-005   26.938857938208141     
  -2.6861196210009597E-005  -26.938857938208141     
   5.2110044226338914E-004   26.948019459881984     
   5.2110044226338914E-004  -26.948019459881984     
   3.5768599036085647E-003   26.519742579464477     
   3.5768599036085647E-003  -26.519742579464477     
  -2.1405697815273239E-003   26.530919537882550     
  -2.1405697815273239E-003  -26.530919537882550     
   5.8709042165627778E-004   25.917534034194386     
   5.8709042165627778E-004  -25.917534034194386     
  -4.8187862453730190E-004   25.912053950563276     
  -4.8187862453730190E-004  -25.912053950563276     
   2.2207469241752875E-004   26.294440890055121     
   2.2207469241752875E-004  -26.294440890055121     
  -1.8046906794211282E-004   25.225279123669559     
  -1.8046906794211282E-004  -25.225279123669559     
  -3.2487370632994228E-003   25.567541446557403     
  -3.2487370632994228E-003  -25.567541446557403     
   4.4494589582999566E-003   25.580865020135313     
   4.4494589582999566E-003  -25.580865020135313     
   8.9514830985315541E-004   25.234286540255059     
   8.9514830985315541E-004  -25.234286540255059     
   1.3272824159038521E-004   26.301114126115323     
   1.3272824159038521E-004  -26.301114126115323     
   6.7362475899912511E-003   23.451900675443547     
   6.7362475899912511E-003  -23.451900675443547     
  -8.3603673631760245E-003   23.446624946086789     
  -8.3603673631760245E-003  -23.446624946086789     
  -2.7111423815284752E-005   24.531599255170640     
  -2.7111423815284752E-005  -24.531599255170640     
   2.6371044046502590E-004   23.773805778272273     
   2.6371044046502590E-004  -23.773805778272273     
  -2.1806695423570721E-004   23.774847316604681     
  -2.1806695423570721E-004  -23.774847316604681     
   1.1346053221847896E-003   24.353905193835981     
   1.1346053221847896E-003  -24.353905193835981     
  -4.7130385525839813E-005   24.459991996392720     
  -4.7130385525839813E-005  -24.459991996392720     
   6.7120551105137594E-005   24.459963062210775     
   6.7120551105137594E-005  -24.459963062210775     
  -5.6447280408722378E-004   24.339964935306234     
  -5.6447280408722378E-004  -24.339964935306234     
   1.6900879895640486E-003   24.326090380454445     
   1.6900879895640486E-003  -24.326090380454445     
  -3.0172813492468364E-004   23.944430625759239     
  -3.0172813492468364E-004  -23.944430625759239     
  -3.5543175733621091E-004   24.010829198395413     
  -3.5543175733621091E-004  -24.010829198395413     
   5.9703097500438673E-003   24.065105527030088     
   5.9703097500438673E-003  -24.065105527030088     
  -5.8526399239298144E-003   24.064628665903246     
  -5.8526399239298144E-003  -24.064628665903246     
   3.4145653268220499E-003   24.021131202419230     
   3.4145653268220499E-003  -24.021131202419230     
   2.8099245451329580E-004   23.949578835556292     
   2.8099245451329580E-004  -23.949578835556292     
   5.7657022177970418E-005   24.225102728343636     
   5.7657022177970418E-005  -24.225102728343636     
  -4.0008016691572834E-005   24.225389873059676     
  -4.0008016691572834E-005  -24.225389873059676     
   3.0259447207608980E-005   22.389582584301344     
   3.0259447207608980E-005  -22.389582584301344     
   9.4434311473844817E-004   22.397408807753237     
   9.4434311473844817E-004  -22.397408807753237     
   2.6814949396963828E-005   23.036386541063465     
   2.6814949396963828E-005  -23.036386541063465     
  -8.1764587536153205E-005   23.035220526060492     
  -8.1764587536153205E-005  -23.035220526060492     
   2.1265525027893001E-003   23.096390981245310     
   2.1265525027893001E-003  -23.096390981245310     
   3.8796498933102441E-004   23.102974452066093     
   3.8796498933102441E-004  -23.102974452066093     
   5.8530439856202543E-003   23.420470045224448     
   5.8530439856202543E-003  -23.420470045224448     
  -3.5212998659570616E-003   23.424771670709827     
  -3.5212998659570616E-003  -23.424771670709827     
  -3.0936579588047852E-004   21.941308551050355     
  -3.0936579588047852E-004  -21.941308551050355     
   3.7082449923975247E-004   21.944783545067711     
   3.7082449923975247E-004  -21.944783545067711     
   2.8106333797879302E-003   21.548101250037281     
   2.8106333797879302E-003  -21.548101250037281     
  -3.0321150949985665E-003   21.548222834091604     
  -3.0321150949985665E-003  -21.548222834091604     
   4.7462716911192970E-003   21.725209257460804     
   4.7462716911192970E-003  -21.725209257460804     
   1.2411821134691969E-002   21.677554062815382     
   1.2411821134691969E-002  -21.677554062815382     
   2.4551867485453904E-003   21.618375674712787     
   2.4551867485453904E-003  -21.618375674712787     
  -1.0065241072232389E-002   21.677465117177192     
  -1.0065241072232389E-002  -21.677465117177192     
  -3.4929543974628885E-003   21.712005500246683     
  -3.4929543974628885E-003  -21.712005500246683     
  -9.2251311670121794E-004   21.631317951982339     
  -9.2251311670121794E-004  -21.631317951982339     
   2.4451971192815114E-003   20.213171297029568     
   2.4451971192815114E-003  -20.213171297029568     
  -2.0873525383339198E-003   20.214723603970331     
  -2.0873525383339198E-003  -20.214723603970331     
  -2.0256562085913254E-003   20.522596051616503     
  -2.0256562085913254E-003  -20.522596051616503     
   3.0906254215557066E-003   20.520958569580618     
   3.0906254215557066E-003  -20.520958569580618     
   1.8342904474089039E-004   20.452543293545318     
   1.8342904474089039E-004  -20.452543293545318     
  -2.4546210660325585E-004   19.666583954170875     
  -2.4546210660325585E-004  -19.666583954170875     
   2.7666605063756400E-003   19.731461225635183     
   2.7666605063756400E-003  -19.731461225635183     
   3.1723678474264716E-003   19.677262089579358     
   3.1723678474264716E-003  -19.677262089579358     
  -3.4517723628342267E-003   19.736236387443238     
  -3.4517723628342267E-003  -19.736236387443238     
  -2.7569045276965021E-004   20.455798708573667     
  -2.7569045276965021E-004  -20.455798708573667     
   1.2213232082942671E-002   18.975034996289239     
   1.2213232082942671E-002  -18.975034996289239     
  -1.1756893967398874E-002   18.971318430916469     
  -1.1756893967398874E-002  -18.971318430916469     
   1.0009303728186758E-005   18.698059095363185     
   1.0009303728186758E-005  -18.698059095363185     
   1.6781722943291832E-002   18.777671076655292     
   1.6781722943291832E-002  -18.777671076655292     
  -4.0926803071883455E-005   18.517324645374213     
  -4.0926803071883455E-005  -18.517324645374213     
  -1.2614499315427352E-002   18.784529937135748     
  -1.2614499315427352E-002  -18.784529937135748     
  -5.1794355720642393E-003   18.799413432151162     
  -5.1794355720642393E-003  -18.799413432151162     
   2.4321185527673705E-003   18.768442977617976     
   2.4321185527673705E-003  -18.768442977617976     
   3.1445697352179280E-003   18.524691663828545     
   3.1445697352179280E-003  -18.524691663828545     
   2.9656217874287627E-003   18.796301375533442     
   2.9656217874287627E-003  -18.796301375533442     
   2.1596443520550679E-003   18.572435135651499     
   2.1596443520550679E-003  -18.572435135651499     
  -2.3882021744041915E-003   18.573256926074414     
  -2.3882021744041915E-003  -18.573256926074414     
  -3.2715605423838667E-005   18.664219953343181     
  -3.2715605423838667E-005  -18.664219953343181     
  -4.5714097688609456E-005   18.544393562649841     
  -4.5714097688609456E-005  -18.544393562649841     
  -1.9984997514654879E-005   18.544589956208547     
  -1.9984997514654879E-005  -18.544589956208547     
   2.8529597738469192E-005   18.664208185663007     
   2.8529597738469192E-005  -18.664208185663007     
   2.1985787934105105E-003   17.735549676292010     
   2.1985787934105105E-003  -17.735549676292010     
   1.0865388017224781E-004   17.742570413192190     
   1.0865388017224781E-004  -17.742570413192190     
  -4.5723613015385967E-005   17.831395152618651     
  -4.5723613015385967E-005  -17.831395152618651     
   3.8241892775583985E-005   17.832160326925205     
   3.8241892775583985E-005  -17.832160326925205     
  -2.7723815789491846E-003   17.981269662545152     
  -2.7723815789491846E-003  -17.981269662545152     
   4.1270451124651997E-003   17.978887612892866     
   4.1270451124651997E-003  -17.978887612892866     
   9.4558436455227657E-005   18.289151139598829     
   9.4558436455227657E-005  -18.289151139598829     
  -8.0735076679411266E-005   18.289745818821721     
  -8.0735076679411266E-005  -18.289745818821721     
   5.3891072112595070E-003   16.481384338651278     
   5.3891072112595070E-003  -16.481384338651278     
  -5.3068641044135417E-003   16.815144558030308     
  -5.3068641044135417E-003  -16.815144558030308     
   9.2381445460155837E-003   16.874120500016581     
   9.2381445460155837E-003  -16.874120500016581     
  -7.5325531825320979E-005   17.104336345708901     
  -7.5325531825320979E-005  -17.104336345708901     
   1.6766146027968887E-004   17.106365366292156     
   1.6766146027968887E-004  -17.106365366292156     
  -2.8621542363481134E-003   16.853179135011985     
  -2.8621542363481134E-003  -16.853179135011985     
  -3.8698549268325055E-003   17.336757212058291     
  -3.8698549268325055E-003  -17.336757212058291     
   8.9797566990673650E-004   16.835782920069587     
   8.9797566990673650E-004  -16.835782920069587     
   5.3177691875799793E-003   17.351875442463538     
   5.3177691875799793E-003  -17.351875442463538     
  -2.2911882596368116E-003   16.495249673793754     
  -2.2911882596368116E-003  -16.495249673793754     
   2.7376150974514069E-003   16.352375998077683     
   2.7376150974514069E-003  -16.352375998077683     
  -2.2225766651660095E-003   16.354382776626643     
  -2.2225766651660095E-003  -16.354382776626643     
   4.3644119847070506E-003   15.484206724043245     
   4.3644119847070506E-003  -15.484206724043245     
   1.4733265632024484E-002   15.662985738174410     
   1.4733265632024484E-002  -15.662985738174410     
  -1.2659850548015994E-002   15.658615301018402     
  -1.2659850548015994E-002  -15.658615301018402     
  -1.9520550500540246E-003   15.813198498322720     
  -1.9520550500540246E-003  -15.813198498322720     
  -8.3601435539426561E-003   15.973739022874435     
  -8.3601435539426561E-003  -15.973739022874435     
  -3.1860987394036755E-003   15.488351919906513     
  -3.1860987394036755E-003  -15.488351919906513     
   1.4672713730146114E-004   16.063267939317736     
   1.4672713730146114E-004  -16.063267939317736     
   8.6193125906728375E-003   15.993037247807566     
   8.6193125906728375E-003  -15.993037247807566     
   3.3397708193252384E-003   15.830507271292833     
   3.3397708193252384E-003  -15.830507271292833     
   9.4466437513762713E-005   16.065401997517089     
   9.4466437513762713E-005  -16.065401997517089     
   4.7767898063360015E-003   14.853499222600131     
   4.7767898063360015E-003  -14.853499222600131     
  -4.6635924589732980E-003   14.841904892094925     
  -4.6635924589732980E-003  -14.841904892094925     
  -1.0152747421620090E-002   14.316652544955616     
  -1.0152747421620090E-002  -14.316652544955616     
   1.7921417405775061E-003   14.771825489827018     
   1.7921417405775061E-003  -14.771825489827018     
   1.6468536860658745E-003   14.698408690193132     
   1.6468536860658745E-003  -14.698408690193132     
   2.8045287466373914E-003   14.777620788262297     
   2.8045287466373914E-003  -14.777620788262297     
  -7.6460354918506113E-004   14.698409558102858     
  -7.6460354918506113E-004  -14.698409558102858     
   1.1744989520827698E-002   14.335736128579770     
   1.1744989520827698E-002  -14.335736128579770     
  -1.0330063234738063E-003   13.891444712602620     
  -1.0330063234738063E-003  -13.891444712602620     
   8.0271993113423257E-004   13.906108298530118     
   8.0271993113423257E-004  -13.906108298530118     
  -1.2025261006259225E-002   13.451973757351425     
  -1.2025261006259225E-002  -13.451973757351425     
   4.9186907297311677E-003   13.430268490509585     
   4.9186907297311677E-003  -13.430268490509585     
   5.4440974188953994E-003   13.447714001680783     
   5.4440974188953994E-003  -13.447714001680783     
  -9.4419843602568665E-003   13.286413069609850     
  -9.4419843602568665E-003  -13.286413069609850     
   1.1778230194680051E-002   13.275421291236515     
   1.1778230194680051E-002  -13.275421291236515     
  -3.0726502264413758E-004   13.236898207636495     
  -3.0726502264413758E-004  -13.236898207636495     
   5.1470600839556013E-003   13.244362233882377     
   5.1470600839556013E-003  -13.244362233882377     
   1.6499643966595978E-003   13.040737828936313     
   1.6499643966595978E-003  -13.040737828936313     
  -2.3381388975720618E-003   13.041267400119786     
  -2.3381388975720618E-003  -13.041267400119786     
   2.5002587802358534E-004   11.036033255947343     
   2.5002587802358534E-004  -11.036033255947343     
  -3.5104658128037869E-003   12.908885970351603     
  -3.5104658128037869E-003  -12.908885970351603     
   6.1321359467392256E-003   12.924199532595791     
   6.1321359467392256E-003  -12.924199532595791     
  -7.4753577440578312E-004   11.165383873918794     
  -7.4753577440578312E-004  -11.165383873918794     
   2.6921086981968045E-004   11.177911139224403     
   2.6921086981968045E-004  -11.177911139224403     
  -5.3653343581370194E-003   12.801874423090101     
  -5.3653343581370194E-003  -12.801874423090101     
   4.6605760180660205E-003   11.338913049775769     
   4.6605760180660205E-003  -11.338913049775769     
  -3.6632900096456034E-003   11.354650132272274     
  -3.6632900096456034E-003  -11.354650132272274     
   4.4792242890365763E-003   12.782439329039818     
   4.4792242890365763E-003  -12.782439329039818     
   5.9137984334220739E-003   11.622343919540860     
   5.9137984334220739E-003  -11.622343919540860     
  -3.3852726252164844E-003   11.634930694213052     
  -3.3852726252164844E-003  -11.634930694213052     
   5.6771167349367602E-006   11.683819256248729     
   5.6771167349367602E-006  -11.683819256248729     
  -2.8683466092527254E-005   11.684786721623473     
  -2.8683466092527254E-005  -11.684786721623473     
   3.6288435563223143E-003   12.613179511812547     
   3.6288435563223143E-003  -12.613179511812547     
   3.6443255654283746E-004   12.617425885536020     
   3.6443255654283746E-004  -12.617425885536020     
   2.1037922590302127E-002   12.122529058910379     
   2.1037922590302127E-002  -12.122529058910379     
  -1.6615060766707046E-002   12.111528272189412     
  -1.6615060766707046E-002  -12.111528272189412     
  -1.2718641817405008E-002   12.100325916866161     
  -1.2718641817405008E-002  -12.100325916866161     
   1.3042184399709500E-002   12.108093579896837     
   1.3042184399709500E-002  -12.108093579896837     
  -1.1649506772636320E-002   12.389848280685602     
  -1.1649506772636320E-002  -12.389848280685602     
   1.2854493582686199E-002   12.375463965606787     
   1.2854493582686199E-002  -12.375463965606787     
  -4.0389002827472265E-003   12.552522475695856     
  -4.0389002827472265E-003  -12.552522475695856     
   4.8590103452790245E-003   12.551448905686867     
   4.8590103452790245E-003  -12.551448905686867     
   2.8597173791888864E-005   12.545531715738759     
   2.8597173791888864E-005  -12.545531715738759     
   4.9632712797942347E-004   12.113867673174765     
   4.9632712797942347E-004  -12.113867673174765     
   7.3204674522431290E-005   12.363141416463423     
   7.3204674522431290E-005  -12.363141416463423     
  -2.4275824603403606E-005   12.363429696038310     
  -2.4275824603403606E-005  -12.363429696038310     
   8.2857130956348612E-006   12.486066116836678     
   8.2857130956348612E-006  -12.486066116836678     
   6.2851392259144490E-005   12.113297490701285     
   6.2851392259144490E-005  -12.113297490701285     
   2.0234761207715835E-006   12.486084085846175     
   2.0234761207715835E-006  -12.486084085846175     
  -7.1409626389851155E-006   12.534145589843179     
  -7.1409626389851155E-006  -12.534145589843179     
   8.4187326354623337E-006   12.534141576812109     
   8.4187326354623337E-006  -12.534141576812109     
  -1.6806094632279712E-003   10.820411213019439     
  -1.6806094632279712E-003  -10.820411213019439     
   4.7658128474728084E-003   10.818045376689986     
   4.7658128474728084E-003  -10.818045376689986     
   1.5280873348724411E-002   10.889112102751222     
   1.5280873348724411E-002  -10.889112102751222     
  -1.5081551402937904E-002   10.903078590226929     
  -1.5081551402937904E-002  -10.903078590226929     
  -7.4003032032979787E-005   11.037217796130514     
  -7.4003032032979787E-005  -11.037217796130514     
  -1.9774182120867456E-003   9.9766777244268354     
  -1.9774182120867456E-003  -9.9766777244268354     
   4.0368673509280986E-003   10.349025607636424     
   4.0368673509280986E-003  -10.349025607636424     
  -8.1424465044992178E-005   10.338755221540497     
  -8.1424465044992178E-005  -10.338755221540497     
   1.2439836752888983E-003   10.250858921539168     
   1.2439836752888983E-003  -10.250858921539168     
  -1.1621375525693077E-004   10.222543477884614     
  -1.1621375525693077E-004  -10.222543477884614     
  -5.2253279623792545E-004   10.156530337227048     
  -5.2253279623792545E-004  -10.156530337227048     
   7.1022902906364704E-005   10.155088076955471     
   7.1022902906364704E-005  -10.155088076955471     
   4.3683006095463495E-003   9.9498591663246749     
   4.3683006095463495E-003  -9.9498591663246749     
  -2.8346026514667888E-003   9.8504184144846860     
  -2.8346026514667888E-003  -9.8504184144846860     
  -1.2888449747908703E-002   9.5962588557038071     
  -1.2888449747908703E-002  -9.5962588557038071     
   6.1212808974291377E-003   9.4985365427147581     
   6.1212808974291377E-003  -9.4985365427147581     
   5.8171424083972682E-003   9.8849104822990181     
   5.8171424083972682E-003  -9.8849104822990181     
  -5.2689983459153211E-003   9.5038605918870331     
  -5.2689983459153211E-003  -9.5038605918870331     
   1.4342937534159520E-002   9.6117029340026896     
   1.4342937534159520E-002  -9.6117029340026896     
   8.5185617745393571E-003   8.8455207029580691     
   8.5185617745393571E-003  -8.8455207029580691     
  -1.0801540715369207E-002   8.8545664476515356     
  -1.0801540715369207E-002  -8.8545664476515356     
   7.1741300767580451E-004   9.2132890072687434     
   7.1741300767580451E-004  -9.2132890072687434     
   2.6316392536918087E-005   9.1934774933404224     
   2.6316392536918087E-005  -9.1934774933404224     
  -3.8336100140945462E-004   9.1275764826128558     
  -3.8336100140945462E-004  -9.1275764826128558     
   1.8958835731712753E-002   9.0015403199351631     
   1.8958835731712753E-002  -9.0015403199351631     
  -1.6418234676654819E-002   9.0071520675564365     
  -1.6418234676654819E-002  -9.0071520675564365     
   2.9854418358503665E-003   9.0968579718382490     
   2.9854418358503665E-003  -9.0968579718382490     
   7.0363417561369879E-004   9.0619553486483682     
   7.0363417561369879E-004  -9.0619553486483682     
  -1.4012917295318505E-003   9.0625418855564277     
  -1.4012917295318505E-003  -9.0625418855564277     
   1.4214456003477354E-003   8.1776891897144992     
   1.4214456003477354E-003  -8.1776891897144992     
   2.8014529522897699E-003   8.1708688917548518     
   2.8014529522897699E-003  -8.1708688917548518     
   1.7161872774737186E-002   8.6783440285406126     
   1.7161872774737186E-002  -8.6783440285406126     
  -1.5906630709687564E-002   8.6826369257727336     
  -1.5906630709687564E-002  -8.6826369257727336     
   8.6407580600889045E-004   8.6337675501986002     
   8.6407580600889045E-004  -8.6337675501986002     
   1.3768659763905566E-003   8.7878079988574545     
   1.3768659763905566E-003  -8.7878079988574545     
   5.0034395735660819E-003   8.6450243637217064     
   5.0034395735660819E-003  -8.6450243637217064     
  -5.9390772198542052E-004   8.8190161878802549     
  -5.9390772198542052E-004  -8.8190161878802549     
   2.0824996315971234E-003   8.8622550350791780     
   2.0824996315971234E-003  -8.8622550350791780     
   1.0230208458334555E-002   7.8599671275212142     
   1.0230208458334555E-002  -7.8599671275212142     
  -1.1154414222696696E-002   7.8535771624381052     
  -1.1154414222696696E-002  -7.8535771624381052     
  -1.3616294332247092E-003   7.8050352777423591     
  -1.3616294332247092E-003  -7.8050352777423591     
   1.6193920230924697E-003   7.8010087000392909     
   1.6193920230924697E-003  -7.8010087000392909     
   6.3411050690329596E-003   7.4467025763222940     
   6.3411050690329596E-003  -7.4467025763222940     
  -3.8993828865598879E-003   7.4571557150170271     
  -3.8993828865598879E-003  -7.4571557150170271     
   6.8557164754019517E-003   7.3939999046021043     
   6.8557164754019517E-003  -7.3939999046021043     
  -8.0571228355321711E-003   7.3888244659350120     
  -8.0571228355321711E-003  -7.3888244659350120     
   1.7335609292851606E-002   6.9413574520101502     
   1.7335609292851606E-002  -6.9413574520101502     
   3.2847550356400745E-003   7.2772365184651688     
   3.2847550356400745E-003  -7.2772365184651688     
  -2.2895287304396383E-003   7.2652748568087784     
  -2.2895287304396383E-003  -7.2652748568087784     
  -2.2467142676489513E-002   6.9516998503148493     
  -2.2467142676489513E-002  -6.9516998503148493     
  -5.4316064266726194E-003   7.2412672431095748     
  -5.4316064266726194E-003  -7.2412672431095748     
  -1.4999552703407470E-003   7.1785592498454092     
  -1.4999552703407470E-003  -7.1785592498454092     
   1.1815644077935339E-002   7.2025570622460418     
   1.1815644077935339E-002  -7.2025570622460418     
   4.5682793314036907E-003   7.2552673357558914     
   4.5682793314036907E-003  -7.2552673357558914     
  -1.5230716213080253E-002   7.0336019508257488     
  -1.5230716213080253E-002  -7.0336019508257488     
   6.7090139585755937E-003   7.0419037248233574     
   6.7090139585755937E-003  -7.0419037248233574     
   1.4244148265598389E-002   7.0880051028504605     
   1.4244148265598389E-002  -7.0880051028504605     
  -5.5337274476425780E-003   7.0906900481271622     
  -5.5337274476425780E-003  -7.0906900481271622     
  -5.6716416587148100E-003   6.6433726765351562     
  -5.6716416587148100E-003  -6.6433726765351562     
   9.5343319232483736E-003   6.6378091165136723     
   9.5343319232483736E-003  -6.6378091165136723     
  -2.3798850454548326E-003   6.5460214380565347     
  -2.3798850454548326E-003  -6.5460214380565347     
  -4.2438094938912485E-003   6.5390516583585940     
  -4.2438094938912485E-003  -6.5390516583585940     
   4.5532381016957224E-003   6.5337153847394651     
   4.5532381016957224E-003  -6.5337153847394651     
   6.7397176984682616E-003   6.5264760466026015     
   6.7397176984682616E-003  -6.5264760466026015     
  -5.7838422938327749E-003   6.4660846094090250     
  -5.7838422938327749E-003  -6.4660846094090250     
   1.7089820412145573E-003   6.4603937640046256     
   1.7089820412145573E-003  -6.4603937640046256     
   7.4433492278425106E-005   5.9194548731417314     
   7.4433492278425106E-005  -5.9194548731417314     
  -4.4712889520320820E-005   5.9197295525508666     
  -4.4712889520320820E-005  -5.9197295525508666     
   1.6663817988769258E-002   6.3381941634084598     
   1.6663817988769258E-002  -6.3381941634084598     
  -1.5180580575127833E-002   6.3353456828561541     
  -1.5180580575127833E-002  -6.3353456828561541     
   2.7453268201860226E-005   6.1154989130914945     
   2.7453268201860226E-005  -6.1154989130914945     
  -2.4859834053869712E-005   6.1153518877041897     
  -2.4859834053869712E-005  -6.1153518877041897     
   1.7192119418642182E-002   5.6794579918980412     
   1.7192119418642182E-002  -5.6794579918980412     
  -1.5300833938067138E-002   5.6783160596029605     
  -1.5300833938067138E-002  -5.6783160596029605     
   1.7739849254683193E-005   6.2215498267037921     
   1.7739849254683193E-005  -6.2215498267037921     
  -2.0205620491209331E-005   6.2216516025570927     
  -2.0205620491209331E-005  -6.2216516025570927     
  -8.2880319973068772E-003   6.2576801440326388     
  -8.2880319973068772E-003  -6.2576801440326388     
   4.9749023334175746E-003   6.2806996885512607     
   4.9749023334175746E-003  -6.2806996885512607     
   9.4772626857420050E-008   6.2825177059366668     
   9.4772626857420050E-008  -6.2825177059366668     
  -1.8610381069539272E-006   6.2671233615572346     
  -1.8610381069539272E-006  -6.2671233615572346     
   2.7964900743970844E-006   6.2671117575905901     
   2.7964900743970844E-006  -6.2671117575905901     
   5.8397947455546273E-007   6.2805466580185234     
   5.8397947455546273E-007  -6.2805466580185234     
   6.8513201431974480E-005   5.6111827085923531     
   6.8513201431974480E-005  -5.6111827085923531     
  -2.3358093122571866E-004   5.6118474426380933     
  -2.3358093122571866E-004  -5.6118474426380933     
   1.1061510309107181E-007   6.2805443186993033     
   1.1061510309107181E-007  -6.2805443186993033     
  -3.4027459676526650E-003   5.4609301975861122     
  -3.4027459676526650E-003  -5.4609301975861122     
   4.9078914609748114E-003   5.4705036587414329     
   4.9078914609748114E-003  -5.4705036587414329     
   3.0764093237070078E-003   5.4020158406114600     
   3.0764093237070078E-003  -5.4020158406114600     
  -6.6991760957561541E-003   5.3990595158298262     
  -6.6991760957561541E-003  -5.3990595158298262     
   1.0248148407131064E-002   5.2878544005715664     
   1.0248148407131064E-002  -5.2878544005715664     
  -8.1476415892396403E-003   5.2898658735960415     
  -8.1476415892396403E-003  -5.2898658735960415     
   1.2863606943602779E-003   5.1837954583106978     
   1.2863606943602779E-003  -5.1837954583106978     
  -1.0792867163882391E-003   5.1839151844143325     
  -1.0792867163882391E-003  -5.1839151844143325     
   3.3475247303731415E-003   5.1192824774796648     
   3.3475247303731415E-003  -5.1192824774796648     
  -3.9840815667826213E-003   5.1054136770449245     
  -3.9840815667826213E-003  -5.1054136770449245     
   6.2025908644797179E-003   5.1054184616530636     
   6.2025908644797179E-003  -5.1054184616530636     
   4.2315161842336746E-003   4.3586840126533941     
   4.2315161842336746E-003  -4.3586840126533941     
  -1.4995430751039152E-003   4.3599540429721175     
  -1.4995430751039152E-003  -4.3599540429721175     
  -1.5090771415884774E-002   5.0241051748532621     
  -1.5090771415884774E-002  -5.0241051748532621     
   2.8395065751757990E-002   4.9613455828369206     
   2.8395065751757990E-002  -4.9613455828369206     
  -2.0114446898789051E-003   5.0043478737549307     
  -2.0114446898789051E-003  -5.0043478737549307     
  -9.6436923983907463E-003   4.9914759542951028     
  -9.6436923983907463E-003  -4.9914759542951028     
  -9.4738588561125159E-003   4.9818783776528797     
  -9.4738588561125159E-003  -4.9818783776528797     
  -6.8033433397129972E-003   4.9678765400172367     
  -6.8033433397129972E-003  -4.9678765400172367     
  -1.0313747562655795E-002   4.9226698731686493     
  -1.0313747562655795E-002  -4.9226698731686493     
   8.6112819639223570E-003   4.4989455609576900     
   8.6112819639223570E-003  -4.4989455609576900     
   1.3546523377843567E-002   4.9121255718255545     
   1.3546523377843567E-002  -4.9121255718255545     
   7.2271691244190639E-003   4.5491321723151987     
   7.2271691244190639E-003  -4.5491321723151987     
  -1.9147563585337368E-002   4.7838394701327163     
  -1.9147563585337368E-002  -4.7838394701327163     
   9.4202003815448965E-003   4.7967375895422526     
   9.4202003815448965E-003  -4.7967375895422526     
   1.9811371864831395E-002   4.7194965133827544     
   1.9811371864831395E-002  -4.7194965133827544     
  -2.4972929914566233E-003   4.7269282417153677     
  -2.4972929914566233E-003  -4.7269282417153677     
  -4.2852821681193818E-003   4.6300318284561488     
  -4.2852821681193818E-003  -4.6300318284561488     
  -1.1541871238505863E-002   4.7065274997847686     
  -1.1541871238505863E-002  -4.7065274997847686     
   8.2907905590924313E-003   4.6912607619860429     
   8.2907905590924313E-003  -4.6912607619860429     
  -5.6502547057708519E-003   4.6490173220763120     
  -5.6502547057708519E-003  -4.6490173220763120     
   1.5118873042057057E-003   4.6359252744176143     
   1.5118873042057057E-003  -4.6359252744176143     
   1.9562003914996781E-003   4.6843158678164061     
   1.9562003914996781E-003  -4.6843158678164061     
   5.6981674705043270E-003   4.1231257422025047     
   5.6981674705043270E-003  -4.1231257422025047     
  -8.5148056024270669E-003   4.2103226118304322     
  -8.5148056024270669E-003  -4.2103226118304322     
   1.5606060932543242E-002   4.1977705106418020     
   1.5606060932543242E-002  -4.1977705106418020     
   1.2534036192292760E-002   4.1259358123346148     
   1.2534036192292760E-002  -4.1259358123346148     
   5.7889622175188588E-003   4.2055614866826367     
   5.7889622175188588E-003  -4.2055614866826367     
  -4.3660451155746877E-003   4.2008422290965619     
  -4.3660451155746877E-003  -4.2008422290965619     
   8.3426821257568257E-003   3.7493240191411843     
   8.3426821257568257E-003  -3.7493240191411843     
  -1.8259933252548488E-002   4.0825825832041112     
  -1.8259933252548488E-002  -4.0825825832041112     
   5.5277532428290033E-003   4.0353517328470447     
   5.5277532428290033E-003  -4.0353517328470447     
   1.5212346568732604E-003   3.9992010781864140     
   1.5212346568732604E-003  -3.9992010781864140     
  -4.7370732301577068E-003   3.8059236047501122     
  -4.7370732301577068E-003  -3.8059236047501122     
  -3.2439878714227710E-003   4.0031289474854281     
  -3.2439878714227710E-003  -4.0031289474854281     
   1.8246617570205625E-004   3.8299363007582294     
   1.8246617570205625E-004  -3.8299363007582294     
  -7.4656242349326885E-003   3.8257416662408965     
  -7.4656242349326885E-003  -3.8257416662408965     
   5.4317050011755130E-003   3.5953211504579707     
   5.4317050011755130E-003  -3.5953211504579707     
  -2.8316218237511848E-003   3.6013448224507698     
  -2.8316218237511848E-003  -3.6013448224507698     
  -7.3224576978694333E-003   3.3345860327287453     
  -7.3224576978694333E-003  -3.3345860327287453     
  -1.6018865907936608E-003   3.3331934364342333     
  -1.6018865907936608E-003  -3.3331934364342333     
   9.0942737713638477E-003   3.3115370834043993     
   9.0942737713638477E-003  -3.3115370834043993     
  -3.3229292266539923E-002   3.2732143218732022     
  -3.3229292266539923E-002  -3.2732143218732022     
  -4.4298903678931523E-002   3.2480808253927398     
  -4.4298903678931523E-002  -3.2480808253927398     
   1.7161421752549089E-002   3.2827480504022075     
   1.7161421752549089E-002  -3.2827480504022075     
   2.7358048164951410E-002   3.2648047484593432     
   2.7358048164951410E-002  -3.2648047484593432     
  -8.7341694519731394E-003   3.2161974249553080     
  -8.7341694519731394E-003  -3.2161974249553080     
   1.6363719796415238E-002   3.1042263077579180     
   1.6363719796415238E-002  -3.1042263077579180     
   4.2717573878696125E-002   3.2287724256018882     
   4.2717573878696125E-002  -3.2287724256018882     
   2.0799808615090232E-002   3.2346554464530608     
   2.0799808615090232E-002  -3.2346554464530608     
   2.4582912945009805E-003   3.1455665972167530     
   2.4582912945009805E-003  -3.1455665972167530     
  -1.4557200902178047E-002   3.0917961526951903     
  -1.4557200902178047E-002  -3.0917961526951903     
  -8.7380296134544899E-003   3.1304331387712598     
  -8.7380296134544899E-003  -3.1304331387712598     
   1.7995432307892356E-003   2.9899568962054293     
   1.7995432307892356E-003  -2.9899568962054293     
  -1.7127101066737566E-002   2.9535666911319733     
  -1.7127101066737566E-002  -2.9535666911319733     
   2.6985626935725156E-002   2.9252683976190341     
   2.6985626935725156E-002  -2.9252683976190341     
   2.5479615265085132E-002   2.9052756486595883     
   2.5479615265085132E-002  -2.9052756486595883     
   3.8461923329717873E-003   2.9285075820352091     
   3.8461923329717873E-003  -2.9285075820352091     
  -6.3997558708177027E-003   2.9180300639888106     
  -6.3997558708177027E-003  -2.9180300639888106     
  -1.9100688458982398E-002   2.8988276749457094     
  -1.9100688458982398E-002  -2.8988276749457094     
  -1.8997908638731409E-002   2.9075472442040153     
  -1.8997908638731409E-002  -2.9075472442040153     
  -3.8342496510229696E-003   2.8135214391939192     
  -3.8342496510229696E-003  -2.8135214391939192     
   1.1226495216688698E-002   2.8086073706554062     
   1.1226495216688698E-002  -2.8086073706554062     
  -3.0742519949693570E-003   2.7074551119116745     
  -3.0742519949693570E-003  -2.7074551119116745     
   4.4376315721283977E-003   2.6755597314910422     
   4.4376315721283977E-003  -2.6755597314910422     
  -2.5339973450644315E-004   2.6321318992435749     
  -2.5339973450644315E-004  -2.6321318992435749     
   1.1321420367382817E-004   2.6209877645285973     
   1.1321420367382817E-004  -2.6209877645285973     
  -1.8927229073888649E-002   2.4959254819897669     
  -1.8927229073888649E-002  -2.4959254819897669     
   2.5957105022496041E-002   2.4854347645325743     
   2.5957105022496041E-002  -2.4854347645325743     
  -1.0455129595266635E-002   2.4606224598248660     
  -1.0455129595266635E-002  -2.4606224598248660     
  -9.5199625035435886E-003   2.4292510322039029     
  -9.5199625035435886E-003  -2.4292510322039029     
   1.2325311633504032E-002   2.4555119420942750     
   1.2325311633504032E-002  -2.4555119420942750     
   9.4507843303233141E-003   2.4321056374332914     
   9.4507843303233141E-003  -2.4321056374332914     
   1.3096654640115946E-002   2.4047093373551216     
   1.3096654640115946E-002  -2.4047093373551216     
  -8.5153193887343992E-004   2.3708399639544471     
  -8.5153193887343992E-004  -2.3708399639544471     
  -9.8659096447224481E-003   2.3573853925913713     
  -9.8659096447224481E-003  -2.3573853925913713     
  -9.8353358961322801E-004   2.3032106378814290     
  -9.8353358961322801E-004  -2.3032106378814290     
   9.0758042646777171E-003   2.2941635518864585     
   9.0758042646777171E-003  -2.2941635518864585     
  -4.0477163484307077E-003   2.2630140076847418     
  -4.0477163484307077E-003  -2.2630140076847418     
   8.9738612892709124E-004   2.2521011528575707     
   8.9738612892709124E-004  -2.2521011528575707     
   3.2065336463479310E-003   2.2247513936442069     
   3.2065336463479310E-003  -2.2247513936442069     
   2.2220246110946640E-003   2.2178317348126222     
   2.2220246110946640E-003  -2.2178317348126222     
   4.4120389713131203E-002   1.9725671139797847     
   4.4120389713131203E-002  -1.9725671139797847     
  -2.0589572451211485E-002   1.9864668750707863     
  -2.0589572451211485E-002  -1.9864668750707863     
  -5.7593191755100359E-003   1.9923536764865033     
  -5.7593191755100359E-003  -1.9923536764865033     
   8.7664504460526239E-003   1.9686567051364847     
   8.7664504460526239E-003  -1.9686567051364847     
  -2.8081201506486186E-002   1.9424926778597087     
  -2.8081201506486186E-002  -1.9424926778597087     
   1.3363223449123218E-003   1.9542643511475215     
   1.3363223449123218E-003  -1.9542643511475215     
   2.0045580305741245E-002   1.9207321357150637     
   2.0045580305741245E-002  -1.9207321357150637     
  -2.4841230362515176E-002   1.9043208014350979     
  -2.4841230362515176E-002  -1.9043208014350979     
  -2.7397047849708117E-002   1.8597191085026941     
  -2.7397047849708117E-002  -1.8597191085026941     
  -2.6246843345349991E-003   1.8446944153477767     
  -2.6246843345349991E-003  -1.8446944153477767     
   2.9935304663920748E-002   1.8337296142511135     
   2.9935304663920748E-002  -1.8337296142511135     
  -1.6775255243253906E-002   1.8217634076827529     
  -1.6775255243253906E-002  -1.8217634076827529     
   1.4050314214134219E-002   1.8091398891648578     
   1.4050314214134219E-002  -1.8091398891648578     
   3.4613029022895203E-003   1.7865120039986637     
   3.4613029022895203E-003  -1.7865120039986637     
  -2.9340010311243753E-002   1.7621552306945905     
  -2.9340010311243753E-002  -1.7621552306945905     
   1.9214673770828361E-002   1.7690835516544221     
   1.9214673770828361E-002  -1.7690835516544221     
   4.3795412011572360E-002   1.7121541766696458     
   4.3795412011572360E-002  -1.7121541766696458     
   1.2740646445062453E-002   1.7374078464288889     
   1.2740646445062453E-002  -1.7374078464288889     
  -1.0728826337114028E-002   1.7119689321455991     
  -1.0728826337114028E-002  -1.7119689321455991     
  -1.5415617820225824E-003   1.7182469076491953     
  -1.5415617820225824E-003  -1.7182469076491953     
   4.5167888540172951E-003   1.6569541790681477     
   4.5167888540172951E-003  -1.6569541790681477     
   7.2700509915335464E-003   1.6294774293852987     
   7.2700509915335464E-003  -1.6294774293852987     
  -8.8751509338667600E-003   1.6159407224851678     
  -8.8751509338667600E-003  -1.6159407224851678     
   1.4145555143683486E-002   1.6015634715538316     
   1.4145555143683486E-002  -1.6015634715538316     
   1.1208379610596564E-002   1.5662212579636012     
   1.1208379610596564E-002  -1.5662212579636012     
  -1.6112858965622423E-002   1.5612232122120384     
  -1.6112858965622423E-002  -1.5612232122120384     
  -1.4570230762047276E-002   1.5160672704410310     
  -1.4570230762047276E-002  -1.5160672704410310     
   7.1309849640033840E-003   1.5177938850364479     
   7.1309849640033840E-003  -1.5177938850364479     
  -1.7613708299932113E-002   1.4879284829444870     
  -1.7613708299932113E-002  -1.4879284829444870     
   3.3608287276047810E-002   1.4870396010929221     
   3.3608287276047810E-002  -1.4870396010929221     
   3.0805574467858698E-003   1.4692162569669607     
   3.0805574467858698E-003  -1.4692162569669607     
   9.8494606187889272E-003   1.4491786866462375     
   9.8494606187889272E-003  -1.4491786866462375     
  -1.0129367926215313E-002   1.3907998408415405     
  -1.0129367926215313E-002  -1.3907998408415405     
   5.0805935349529374E-003   1.3666480170017641     
   5.0805935349529374E-003  -1.3666480170017641     
  -4.9610645624759697E-003   1.2639689201516753     
  -4.9610645624759697E-003  -1.2639689201516753     
  -4.0747746231441506E-003   1.2559390659927938     
  -4.0747746231441506E-003  -1.2559390659927938     
   1.6421417424855367E-002   1.2305812110911956     
   1.6421417424855367E-002  -1.2305812110911956     
  -4.0936656763973234E-003   1.2185665482704719     
  -4.0936656763973234E-003  -1.2185665482704719     
  -1.7200308410312618E-002   1.2065519987559370     
  -1.7200308410312618E-002  -1.2065519987559370     
   1.0364893937944597E-002   1.2009728582955996     
   1.0364893937944597E-002  -1.2009728582955996     
  0.87255042649758885        0.0000000000000000     
   2.3764455408744778E-002   1.0694546264234912     
   2.3764455408744778E-002  -1.0694546264234912     
  -1.9920996366587479E-002   1.0648474789791271     
  -1.9920996366587479E-002  -1.0648474789791271     
   5.5945029555551501E-002   1.0168820824801075     
   5.5945029555551501E-002  -1.0168820824801075     
  -6.1257177235689020E-003   1.0412881759498247     
  -6.1257177235689020E-003  -1.0412881759498247     
  -1.4105256542296135E-002   1.0301851967728517     
  -1.4105256542296135E-002  -1.0301851967728517     
  -1.0530316123758654E-002   1.0201850241385144     
  -1.0530316123758654E-002  -1.0201850241385144     
  -2.8280338956163498E-002  0.97792215709972574     
  -2.8280338956163498E-002 -0.97792215709972574     
  -3.2618650105374625E-004  0.98664910820153551     
  -3.2618650105374625E-004 -0.98664910820153551     
   1.6708631520563844E-002  0.97094590147419590     
   1.6708631520563844E-002 -0.97094590147419590     
  -5.4233772699294192E-004  0.92029657566282030     
  -5.4233772699294192E-004 -0.92029657566282030     
   2.0055758378018235E-002  0.91924614598361198     
   2.0055758378018235E-002 -0.91924614598361198     
 -0.77615042445236848        0.0000000000000000     
 -0.70559813793352000        0.0000000000000000     
  -3.9966218855951280E-002  0.90423567417143325     
  -3.9966218855951280E-002 -0.90423567417143325     
 -0.68354072267438204        0.0000000000000000     
  -4.9796538074218910E-002  0.88688573208481936     
  -4.9796538074218910E-002 -0.88688573208481936     
  -8.3215300604546627E-003  0.90050515083376992     
  -8.3215300604546627E-003 -0.90050515083376992     
   5.4227633221963917E-002  0.87692927469079263     
   5.4227633221963917E-002 -0.87692927469079263     
   2.5036133110706502E-002  0.88045493593428925     
   2.5036133110706502E-002 -0.88045493593428925     
  -1.1032611762700206E-003  0.88519033951611725     
  -1.1032611762700206E-003 -0.88519033951611725     
  -5.4091261508573241E-002  0.85141910743659077     
  -5.4091261508573241E-002 -0.85141910743659077     
   5.0735253085266135E-002  0.85518447646414464     
   5.0735253085266135E-002 -0.85518447646414464     
  -2.3077977688782392E-002  0.86693283113343234     
  -2.3077977688782392E-002 -0.86693283113343234     
  -1.4096890370090043E-002  0.86979387394085506     
  -1.4096890370090043E-002 -0.86979387394085506     
   6.0855776703905101E-002  0.83511613112347027     
   6.0855776703905101E-002 -0.83511613112347027     
   8.7760048714056738E-003  0.84727815455015842     
   8.7760048714056738E-003 -0.84727815455015842     
 -0.67295652059359168        0.0000000000000000     
   3.4903688993585869E-002  0.82236159831628863     
   3.4903688993585869E-002 -0.82236159831628863     
  -4.7277051560362937E-002  0.80236045784551469     
  -4.7277051560362937E-002 -0.80236045784551469     
   5.8841132042657396E-003  0.82440333228352058     
   5.8841132042657396E-003 -0.82440333228352058     
 -0.66046252633705904        0.0000000000000000     
  -7.1108723017769271E-003  0.81379854431985765     
  -7.1108723017769271E-003 -0.81379854431985765     
   3.7252489591618893E-002  0.77651892805295641     
   3.7252489591618893E-002 -0.77651892805295641     
  -2.2992690560549589E-002  0.77632924115960833     
  -2.2992690560549589E-002 -0.77632924115960833     
  0.63212296188526151        0.0000000000000000     
   2.1586910262249515E-002  0.76964177083492913     
   2.1586910262249515E-002 -0.76964177083492913     
  -3.6440317838288938E-002  0.74149493845156400     
  -3.6440317838288938E-002 -0.74149493845156400     
   1.8202740412752577E-002  0.74543079988088179     
   1.8202740412752577E-002 -0.74543079988088179     
  -1.1135144020053389E-002  0.73903519049151789     
  -1.1135144020053389E-002 -0.73903519049151789     
  0.61909410435575296        0.0000000000000000     
  0.61733024752073196        0.0000000000000000     
  -9.4240205138272359E-003  0.68436395669285022     
  -9.4240205138272359E-003 -0.68436395669285022     
   3.4540783013316430E-002  0.67634959002365180     
   3.4540783013316430E-002 -0.67634959002365180     
  0.58861609766577716        1.7299964712263950E-002
  0.58861609766577716       -1.7299964712263950E-002
 -0.58679273649495622        0.0000000000000000     
 -0.58573354020603019        0.0000000000000000     
   5.3777539372452249E-004  0.62765997929792383     
   5.3777539372452249E-004 -0.62765997929792383     
  0.57823183264009059        0.0000000000000000     
 -0.57875463814824146        0.0000000000000000     
   3.7005637619747268E-003  0.61042296700306542     
   3.7005637619747268E-003 -0.61042296700306542     
 -0.56749250125585082        0.0000000000000000     
  0.56261228289129783        0.0000000000000000     
 -0.56031136437155049        0.0000000000000000     
 -0.55434395559315985        0.0000000000000000     
  0.55591625551309154        0.0000000000000000     
  0.54363150075964106        0.0000000000000000     
  0.54082915839411472        0.0000000000000000     
 -0.53609035666438343        0.0000000000000000     
 -0.52163535369934255        1.1549868825509336E-002
 -0.52163535369934255       -1.1549868825509336E-002
 -0.52216894861399488        0.0000000000000000     
   3.6119805501593549E-002  0.54347589016537357     
   3.6119805501593549E-002 -0.54347589016537357     
  -1.9086946078327130E-002  0.53626172025044427     
  -1.9086946078327130E-002 -0.53626172025044427     
   7.5196568444367215E-003  0.52790676033047756     
   7.5196568444367215E-003 -0.52790676033047756     
 -0.51029596514052666        0.0000000000000000     
 -0.49939402854679715        1.9113132554850244E-002
 -0.49939402854679715       -1.9113132554850244E-002
 -0.50212844982609772        0.0000000000000000     
  -1.4298855728685056E-002  0.50532553257143931     
  -1.4298855728685056E-002 -0.50532553257143931     
   4.9473102452811307E-002  0.50086055212434455     
   4.9473102452811307E-002 -0.50086055212434455     
  -6.1109545991040334E-002  0.47395473623812545     
  -6.1109545991040334E-002 -0.47395473623812545     
  -2.8746868358733857E-003  0.48897708586185967     
  -2.8746868358733857E-003 -0.48897708586185967     
  0.50486838857581795        0.0000000000000000     
   3.4618911351691005E-002  0.48493489600717821     
   3.4618911351691005E-002 -0.48493489600717821     
  -1.1493789218590435E-002  0.48168453691202673     
  -1.1493789218590435E-002 -0.48168453691202673     
  -4.0079466525554303E-002  0.47309888724489663     
  -4.0079466525554303E-002 -0.47309888724489663     
   6.1035049913049977E-002  0.46372363385149817     
   6.1035049913049977E-002 -0.46372363385149817     
   4.9657574580081180E-002  0.46538617128219595     
   4.9657574580081180E-002 -0.46538617128219595     
  0.46547855587802828       0.11726410630025641     
  0.46547855587802828      -0.11726410630025641     
  -2.6441140411938950E-002  0.45909189826912283     
  -2.6441140411938950E-002 -0.45909189826912283     
   4.4394519698036372E-004  0.45385281255152254     
   4.4394519698036372E-004 -0.45385281255152254     
  0.44414839494057506       0.11983006262308855     
  0.44414839494057506      -0.11983006262308855     
   1.5042983751421907E-002  0.43579831744830477     
   1.5042983751421907E-002 -0.43579831744830477     
  -3.6605613768375816E-002  0.42294439144308255     
  -3.6605613768375816E-002 -0.42294439144308255     
  0.48371252241745555        9.4330639779023062E-003
  0.48371252241745555       -9.4330639779023062E-003
 -0.45686664423336049        0.0000000000000000     
  0.47868439551451442        0.0000000000000000     
 -0.44380347721349334        2.7458003621854556E-002
 -0.44380347721349334       -2.7458003621854556E-002
  -6.4684849066218797E-002  0.39151764539643313     
  -6.4684849066218797E-002 -0.39151764539643313     
   4.3275247893154872E-002  0.39619034959656735     
   4.3275247893154872E-002 -0.39619034959656735     
 -0.44169307243176331        0.0000000000000000     
  0.46043830319145740        3.2455971687762333E-002
  0.46043830319145740       -3.2455971687762333E-002
 -0.43212195829887512        6.4301100607839579E-003
 -0.43212195829887512       -6.4301100607839579E-003
  0.45877864122589956        0.0000000000000000     
 -0.42901662209217589        0.0000000000000000     
 -0.40459584865624398        4.2210437781522850E-002
 -0.40459584865624398       -4.2210437781522850E-002
  0.44308770771963590        3.1805668578106655E-002
  0.44308770771963590       -3.1805668578106655E-002
 -0.41555104993063352        0.0000000000000000     
  0.42111969564043550        5.9839302660635564E-002
  0.42111969564043550       -5.9839302660635564E-002
  0.43506440864511564        0.0000000000000000     
 -0.40308965471146485        1.7279335523773337E-002
 -0.40308965471146485       -1.7279335523773337E-002
 -0.40954316561414728        0.0000000000000000     
  0.43942805259368489        4.5517811551410792E-003
  0.43942805259368489       -4.5517811551410792E-003
  0.40633126070399495        7.0641106759131975E-002
  0.40633126070399495       -7.0641106759131975E-002
  0.42882281729121835        0.0000000000000000     
 -0.39842649367414529        4.4311842238653034E-003
 -0.39842649367414529       -4.4311842238653034E-003
  0.41267466162474797        1.7399004496720296E-002
  0.41267466162474797       -1.7399004496720296E-002
  0.41461149219710663        0.0000000000000000     
  0.40414850426147109        2.5658758448082894E-002
  0.40414850426147109       -2.5658758448082894E-002
  0.40080677669974540        2.5263852539418988E-002
  0.40080677669974540       -2.5263852539418988E-002
   1.2207804730425049E-002  0.38988332205120246     
   1.2207804730425049E-002 -0.38988332205120246     
  -3.5782201850323249E-002  0.35273244857330882     
  -3.5782201850323249E-002 -0.35273244857330882     
   1.1806844811068785E-002  0.34496614860946589     
   1.1806844811068785E-002 -0.34496614860946589     
  0.39532788275397229        0.0000000000000000     
   2.3590671167986264E-002  0.33495519636282745     
   2.3590671167986264E-002 -0.33495519636282745     
  0.37296985854159120        6.6859339324241915E-002
  0.37296985854159120       -6.6859339324241915E-002
   6.2081495168231915E-002  0.31201096646601678     
   6.2081495168231915E-002 -0.31201096646601678     
  -5.6381081420024556E-002  0.31744694394322853     
  -5.6381081420024556E-002 -0.31744694394322853     
  -3.4232424828380806E-002  0.32127077104829344     
  -3.4232424828380806E-002 -0.32127077104829344     
  0.38345185231852802        0.0000000000000000     
  0.36492550534998269        4.4354454360358314E-002
  0.36492550534998269       -4.4354454360358314E-002
  0.34471831082607735        6.3317135189038365E-002
  0.34471831082607735       -6.3317135189038365E-002
  0.37216003592372787        0.0000000000000000     
  0.35923247157835081        2.8823791344810067E-002
  0.35923247157835081       -2.8823791344810067E-002
 -0.25907701132881567       0.17296978858217477     
 -0.25907701132881567      -0.17296978858217477     
 -0.37551666790228644        5.8643417325216135E-002
 -0.37551666790228644       -5.8643417325216135E-002
 -0.33573800353548350        9.7100584628481576E-002
 -0.33573800353548350       -9.7100584628481576E-002
 -0.29207715767883791       0.12628907575078779     
 -0.29207715767883791      -0.12628907575078779     
 -0.36386007573229728        4.9425621229750777E-002
 -0.36386007573229728       -4.9425621229750777E-002
 -0.37839821963423104        0.0000000000000000     
 -0.34857278737113762        6.1355623298393933E-002
 -0.34857278737113762       -6.1355623298393933E-002
 -0.30828654615996454       0.10753082868248887     
 -0.30828654615996454      -0.10753082868248887     
 -0.37385018286457217        0.0000000000000000     
 -0.36583317270341692        2.6285527041341829E-002
 -0.36583317270341692       -2.6285527041341829E-002
  0.35250770168707179        1.5889150732997858E-002
  0.35250770168707179       -1.5889150732997858E-002
 -0.36750844576725150        0.0000000000000000     
 -0.36213551504261315        1.4247374589651461E-002
 -0.36213551504261315       -1.4247374589651461E-002
  0.34747044081430839        0.0000000000000000     
 -0.33161864778943062        6.2490068702566945E-002
 -0.33161864778943062       -6.2490068702566945E-002
 -0.35658704583741319        4.5914331774203583E-004
 -0.35658704583741319       -4.5914331774203583E-004
  0.34175853045663029        1.2486361171917384E-002
  0.34175853045663029       -1.2486361171917384E-002
 -0.33497290717718592        4.0808193742376632E-002
 -0.33497290717718592       -4.0808193742376632E-002
 -0.33295674353190369        2.1782588110544676E-002
 -0.33295674353190369       -2.1782588110544676E-002
  0.11327611897227799       0.27417943718843613     
  0.11327611897227799      -0.27417943718843613     
   5.5968758138521743E-003  0.29059513274101978     
   5.5968758138521743E-003 -0.29059513274101978     
  -8.7676129804095587E-002  0.26547409229801716     
  -8.7676129804095587E-002 -0.26547409229801716     
  -5.6646632143404763E-002  0.27605615771188280     
  -5.6646632143404763E-002 -0.27605615771188280     
   7.8599091240868238E-002  0.26888801151811054     
   7.8599091240868238E-002 -0.26888801151811054     
   2.7513010366805084E-002  0.27513722535937690     
   2.7513010366805084E-002 -0.27513722535937690     
  0.27729709152288312       0.14241467909235295     
  0.27729709152288312      -0.14241467909235295     
  0.29462472982179955       0.11119248935887202     
  0.29462472982179955      -0.11119248935887202     
  0.32225863610159955        5.9928098871140673E-002
  0.32225863610159955       -5.9928098871140673E-002
  0.33326657733029424        2.6471875004785275E-002
  0.33326657733029424       -2.6471875004785275E-002
  0.32783147094877746        3.8280721782338656E-002
  0.32783147094877746       -3.8280721782338656E-002
  0.29715346509936685        9.6809704169674937E-002
  0.29715346509936685       -9.6809704169674937E-002
  0.30332450625182156        7.8207335854653254E-002
  0.30332450625182156       -7.8207335854653254E-002
  0.21923564782091814       0.16866670426214292     
  0.21923564782091814      -0.16866670426214292     
  0.25323282188838997       0.13966495668686174     
  0.25323282188838997      -0.13966495668686174     
  0.26265955905910210       0.12703448825863764     
  0.26265955905910210      -0.12703448825863764     
 -0.27870432001924900       0.12246986282532137     
 -0.27870432001924900      -0.12246986282532137     
 -0.26397970541386151       0.13051620069172884     
 -0.26397970541386151      -0.13051620069172884     
 -0.23644934689615305       0.14854823841492601     
 -0.23644934689615305      -0.14854823841492601     
 -0.27796715708488584       0.10968285388784792     
 -0.27796715708488584      -0.10968285388784792     
 -0.32542564162577647        1.9725477662841970E-002
 -0.32542564162577647       -1.9725477662841970E-002
 -0.32654653367335279        0.0000000000000000     
 -0.29938039412312584        6.4763728107546145E-002
 -0.29938039412312584       -6.4763728107546145E-002
 -0.28480000109182202        8.4675227834343947E-002
 -0.28480000109182202       -8.4675227834343947E-002
 -0.27208551419837218       0.10030700693445686     
 -0.27208551419837218      -0.10030700693445686     
  0.31559471265205286        1.2743599887250373E-002
  0.31559471265205286       -1.2743599887250373E-002
 -0.29571833021362492        5.4005812767291363E-002
 -0.29571833021362492       -5.4005812767291363E-002
 -0.31146107085156749        8.5051218818757868E-003
 -0.31146107085156749       -8.5051218818757868E-003
  0.12248257571496038       0.22831758308643038     
  0.12248257571496038      -0.22831758308643038     
  0.17099172639014903       0.19524821699202713     
  0.17099172639014903      -0.19524821699202713     
  0.27083104490557131        9.1661030167483323E-002
  0.27083104490557131       -9.1661030167483323E-002
  0.14511763799020461       0.20869673914017989     
  0.14511763799020461      -0.20869673914017989     
  0.29558652579078953        4.9678455706985154E-002
  0.29558652579078953       -4.9678455706985154E-002
  -3.3429180477842227E-002  0.26117753518448167     
  -3.3429180477842227E-002 -0.26117753518448167     
  -1.1705199104994209E-002  0.26122576629419186     
  -1.1705199104994209E-002 -0.26122576629419186     
 -0.18672972231144991       0.17572112560437503     
 -0.18672972231144991      -0.17572112560437503     
 -0.20348788373253196       0.16589392878308418     
 -0.20348788373253196      -0.16589392878308418     
 -0.15912213125768210       0.18820792773780057     
 -0.15912213125768210      -0.18820792773780057     
 -0.24705010700012295       0.11937159792754906     
 -0.24705010700012295      -0.11937159792754906     
 -0.29829277345755956        3.3033103281309664E-002
 -0.29829277345755956       -3.3033103281309664E-002
 -0.23277256663226087       0.12875512319977581     
 -0.23277256663226087      -0.12875512319977581     
  0.29220752848146736        3.0688570526245934E-002
  0.29220752848146736       -3.0688570526245934E-002
 -0.24514515280350668       0.10522767358758676     
 -0.24514515280350668      -0.10522767358758676     
 -0.27343228875913789        6.5281433927999719E-002
 -0.27343228875913789       -6.5281433927999719E-002
 -0.28176846578230991        4.0246134260460996E-002
 -0.28176846578230991       -4.0246134260460996E-002
   9.6500434636517876E-003  0.24193993031111197     
   9.6500434636517876E-003 -0.24193993031111197     
   5.9874357057696691E-002  0.22597814722469495     
   5.9874357057696691E-002 -0.22597814722469495     
  0.18289395613101789       0.16401632602708441     
  0.18289395613101789      -0.16401632602708441     
   3.3319525797530891E-002  0.23147255161839206     
   3.3319525797530891E-002 -0.23147255161839206     
  -4.9610097426406215E-003  0.23636813172108151     
  -4.9610097426406215E-003 -0.23636813172108151     
  -6.5927254112698397E-002  0.23136141711704769     
  -6.5927254112698397E-002 -0.23136141711704769     
  0.23186991929305931       0.11247707564053559     
  0.23186991929305931      -0.11247707564053559     
  0.26665506596803501        8.0741630920162635E-002
  0.26665506596803501       -8.0741630920162635E-002
 -0.13395643115369532       0.19198286483993979     
 -0.13395643115369532      -0.19198286483993979     
 -0.14335046688819944       0.18186948704135339     
 -0.14335046688819944      -0.18186948704135339     
 -0.18620550103190481       0.14950235802889508     
 -0.18620550103190481      -0.14950235802889508     
  0.29037520618287960        0.0000000000000000     
 -0.10090936630627273       0.20527151320290218     
 -0.10090936630627273      -0.20527151320290218     
  0.24597656939768192        9.4483968918302200E-002
  0.24597656939768192       -9.4483968918302200E-002
  0.28961547923180120        5.2693796016671287E-003
  0.28961547923180120       -5.2693796016671287E-003
 -0.28481796098131795        2.6165173451196469E-002
 -0.28481796098131795       -2.6165173451196469E-002
  -7.8062661431779937E-002  0.20879123984992373     
  -7.8062661431779937E-002 -0.20879123984992373     
  0.25532210808280403        7.5537281294812297E-002
  0.25532210808280403       -7.5537281294812297E-002
  0.27849313094821571        2.8097126437308915E-002
  0.27849313094821571       -2.8097126437308915E-002
 -0.28165522139731197        0.0000000000000000     
 -0.21846540652090124       0.11218638401266040     
 -0.21846540652090124      -0.11218638401266040     
   9.8143295243471762E-002  0.20794436664303129     
   9.8143295243471762E-002 -0.20794436664303129     
  0.19477586426793528       0.13931439901917475     
  0.19477586426793528      -0.13931439901917475     
  0.23488668290829565        9.6216768101085218E-002
  0.23488668290829565       -9.6216768101085218E-002
  0.18631705600158821       0.14153757730318547     
  0.18631705600158821      -0.14153757730318547     
  0.21885457275182901       0.11058157817995794     
  0.21885457275182901      -0.11058157817995794     
  -3.7832926351547419E-002  0.21942611587229935     
  -3.7832926351547419E-002 -0.21942611587229935     
 -0.13071144390674772       0.18045641387197203     
 -0.13071144390674772      -0.18045641387197203     
 -0.16046972404067172       0.15713921343199805     
 -0.16046972404067172      -0.15713921343199805     
 -0.23214830773503403        9.5689035073615897E-002
 -0.23214830773503403       -9.5689035073615897E-002
 -0.26722483971338173        4.7434345974115985E-002
 -0.26722483971338173       -4.7434345974115985E-002
 -0.24026324319356351        8.1284029000572064E-002
 -0.24026324319356351       -8.1284029000572064E-002
 -0.27639064235671928        1.5714642699498151E-002
 -0.27639064235671928       -1.5714642699498151E-002
  0.20904094040725077       0.11217572761433718     
  0.20904094040725077      -0.11217572761433718     
 -0.27080927036481622        0.0000000000000000     
 -0.19153547363829920       0.12737216345207270     
 -0.19153547363829920      -0.12737216345207270     
  -2.3657710094135323E-002  0.21737115736517632     
  -2.3657710094135323E-002 -0.21737115736517632     
  0.11892438923539732       0.18681258781397678     
  0.11892438923539732      -0.18681258781397678     
  0.26624926871103050        0.0000000000000000     
   3.1394394488301466E-003  0.21757559927374737     
   3.1394394488301466E-003 -0.21757559927374737     
  0.26617119484147717        1.3534221618191717E-002
  0.26617119484147717       -1.3534221618191717E-002
  0.25146414536827699        5.1473037257884852E-002
  0.25146414536827699       -5.1473037257884852E-002
  0.13785499331997209       0.16829438838892963     
  0.13785499331997209      -0.16829438838892963     
 -0.24750453943522044        5.8141871388692028E-002
 -0.24750453943522044       -5.8141871388692028E-002
  0.22186656339783745        8.7892627290576564E-002
  0.22186656339783745       -8.7892627290576564E-002
  0.21340919787706253        9.8719582050100924E-002
  0.21340919787706253       -9.8719582050100924E-002
 -0.24933568632721734        4.6262614793943072E-002
 -0.24933568632721734       -4.6262614793943072E-002
 -0.25512191853059707        2.9714825779367678E-002
 -0.25512191853059707       -2.9714825779367678E-002
  -8.8301552808695866E-002  0.19178924547980217     
  -8.8301552808695866E-002 -0.19178924547980217     
 -0.22348915997381874        6.4293955454509014E-002
 -0.22348915997381874       -6.4293955454509014E-002
 -0.24860862597416289        9.9123290962696078E-003
 -0.24860862597416289       -9.9123290962696078E-003
  -6.5195007599710322E-002  0.18866275119198284     
  -6.5195007599710322E-002 -0.18866275119198284     
   3.7346517246465108E-002  0.20031400499410926     
   3.7346517246465108E-002 -0.20031400499410926     
  -2.4547590839697965E-002  0.19434666782001803     
  -2.4547590839697965E-002 -0.19434666782001803     
   7.0925435180745663E-002  0.18100298229286749     
   7.0925435180745663E-002 -0.18100298229286749     
 -0.24316964113796294        0.0000000000000000     
  0.17593200870662298       0.13007895049428406     
  0.17593200870662298      -0.13007895049428406     
  0.10373689678306861       0.17037033177583202     
  0.10373689678306861      -0.17037033177583202     
  0.12137050493400187       0.16371252766868166     
  0.12137050493400187      -0.16371252766868166     
  0.25105897819540013        3.8505711279147002E-002
  0.25105897819540013       -3.8505711279147002E-002
  0.15859925454818513       0.13572841186875614     
  0.15859925454818513      -0.13572841186875614     
  0.18238155265064404       0.11072786839043139     
  0.18238155265064404      -0.11072786839043139     
  0.24981010161574896        0.0000000000000000     
  0.23708917063041068        3.6173813384180700E-002
  0.23708917063041068       -3.6173813384180700E-002
  0.21167076027491261        7.2924652123627753E-002
  0.21167076027491261       -7.2924652123627753E-002
  0.19845196530048453        8.6651272678686594E-002
  0.19845196530048453       -8.6651272678686594E-002
  0.24074292340426059        1.7074702777924531E-002
  0.24074292340426059       -1.7074702777924531E-002
  0.22135434187042852        5.0952154644929117E-002
  0.22135434187042852       -5.0952154644929117E-002
 -0.11798255169839003       0.16100540216781656     
 -0.11798255169839003      -0.16100540216781656     
 -0.15230439728929707       0.13624857524481679     
 -0.15230439728929707      -0.13624857524481679     
 -0.21606584048464353        7.2247895898546077E-002
 -0.21606584048464353       -7.2247895898546077E-002
 -0.19694980764614878        9.2024554989961677E-002
 -0.19694980764614878       -9.2024554989961677E-002
 -0.22913522550567483        3.9816822345279473E-002
 -0.22913522550567483       -3.9816822345279473E-002
   6.4546913674068479E-002  0.17816392041353035     
   6.4546913674068479E-002 -0.17816392041353035     
   5.9858670095269684E-003  0.18454132096620574     
   5.9858670095269684E-003 -0.18454132096620574     
  0.13188996108684192       0.14192878943757528     
  0.13188996108684192      -0.14192878943757528     
  -9.0063391865924630E-002  0.16516227444192091     
  -9.0063391865924630E-002 -0.16516227444192091     
 -0.20149658011131749        7.7888109993711430E-002
 -0.20149658011131749       -7.7888109993711430E-002
  0.22013768478664708        3.0841936360110712E-002
  0.22013768478664708       -3.0841936360110712E-002
  0.21345253931779051        4.4441853890364542E-002
  0.21345253931779051       -4.4441853890364542E-002
  0.22588518362562332        0.0000000000000000     
  0.10409587132680564       0.15160893100136666     
  0.10409587132680564      -0.15160893100136666     
 -0.22382267144744059        2.4019634909833072E-002
 -0.22382267144744059       -2.4019634909833072E-002
 -0.22465016136228202        0.0000000000000000     
 -0.12190049033181150       0.14431293395025097     
 -0.12190049033181150      -0.14431293395025097     
  -3.6500232650947151E-002  0.17447671931628550     
  -3.6500232650947151E-002 -0.17447671931628550     
 -0.14197397957848468       0.12347939993880516     
 -0.14197397957848468      -0.12347939993880516     
 -0.10886498475778833       0.14664024717224317     
 -0.10886498475778833      -0.14664024717224317     
 -0.15674401516616532       0.10753043868196324     
 -0.15674401516616532      -0.10753043868196324     
  0.15445040585188952       0.10440710971837776     
  0.15445040585188952      -0.10440710971837776     
  0.17915574929299088        7.9107500928946597E-002
  0.17915574929299088       -7.9107500928946597E-002
   3.6963608877685801E-003  0.17415322552829351     
   3.6963608877685801E-003 -0.17415322552829351     
  0.19796414733118281        5.0408330499600133E-002
  0.19796414733118281       -5.0408330499600133E-002
  -9.5372086510241053E-002  0.14955564186668438     
  -9.5372086510241053E-002 -0.14955564186668438     
  -7.4814401865951508E-002  0.15881004230646065     
  -7.4814401865951508E-002 -0.15881004230646065     
 -0.17222963622971518        7.7010426670624008E-002
 -0.17222963622971518       -7.7010426670624008E-002
  -5.1660149344394390E-002  0.16330238582936785     
  -5.1660149344394390E-002 -0.16330238582936785     
  0.15772801364920105        9.1948675601619775E-002
  0.15772801364920105       -9.1948675601619775E-002
  0.11861583117729241       0.12476596133668209     
  0.11861583117729241      -0.12476596133668209     
 -0.15478642150280875        9.3553967392758855E-002
 -0.15478642150280875       -9.3553967392758855E-002
   6.4660094190803291E-002  0.15962885331623403     
   6.4660094190803291E-002 -0.15962885331623403     
   8.9303931864123512E-002  0.15019717297331706     
   8.9303931864123512E-002 -0.15019717297331706     
  0.18373786186221264        6.2104215221315588E-002
  0.18373786186221264       -6.2104215221315588E-002
   7.3734578376385862E-002  0.15579297263581923     
   7.3734578376385862E-002 -0.15579297263581923     
   2.9070498348449755E-002  0.16492071981103315     
   2.9070498348449755E-002 -0.16492071981103315     
  0.20693436298161555        1.2855607205497275E-002
  0.20693436298161555       -1.2855607205497275E-002
  0.19854172534756437        3.6365836344033356E-002
  0.19854172534756437       -3.6365836344033356E-002
  0.20375437347565881        0.0000000000000000     
  -9.7924559244139675E-003  0.16368996166494315     
  -9.7924559244139675E-003 -0.16368996166494315     
  0.11093706512627829       0.12820035092772844     
  0.11093706512627829      -0.12820035092772844     
  0.13711928250199734        9.6589056252400302E-002
  0.13711928250199734       -9.6589056252400302E-002
  0.19007629358204692        1.4438131845189613E-002
  0.19007629358204692       -1.4438131845189613E-002
   8.0907505191535112E-002  0.13213445339228508     
   8.0907505191535112E-002 -0.13213445339228508     
   9.9251202593155036E-002  0.11906818420512474     
   9.9251202593155036E-002 -0.11906818420512474     
  0.17707673246529151        4.2690032474421338E-002
  0.17707673246529151       -4.2690032474421338E-002
 -0.20616008419683479        0.0000000000000000     
  -8.9662091288307044E-002  0.13882773076454483     
  -8.9662091288307044E-002 -0.13882773076454483     
  -1.3201417490939629E-002  0.15088352101848371     
  -1.3201417490939629E-002 -0.15088352101848371     
 -0.19260668411236076        4.9885309191278773E-002
 -0.19260668411236076       -4.9885309191278773E-002
 -0.14069219586944820        8.9950285762788115E-002
 -0.14069219586944820       -8.9950285762788115E-002
 -0.19479781273914232        2.4237754250663306E-002
 -0.19479781273914232       -2.4237754250663306E-002
 -0.16414903076597848        6.7385687543900355E-002
 -0.16414903076597848       -6.7385687543900355E-002
 -0.11809746271118596       0.10882552469100033     
 -0.11809746271118596      -0.10882552469100033     
 -0.19007618086945982        1.1729397988703788E-002
 -0.19007618086945982       -1.1729397988703788E-002
 -0.17634535385775840        4.6546519038972216E-002
 -0.17634535385775840       -4.6546519038972216E-002
  -8.0290802108277159E-002  0.12958813583745610     
  -8.0290802108277159E-002 -0.12958813583745610     
 -0.18198268304340287        3.8494037908507389E-002
 -0.18198268304340287       -3.8494037908507389E-002
  0.17415133029969060        3.7803428701624543E-002
  0.17415133029969060       -3.7803428701624543E-002
  -9.4776289068579461E-002  0.11780247829936197     
  -9.4776289068579461E-002 -0.11780247829936197     
 -0.18604186588932303        0.0000000000000000     
  0.17765593670764751        2.4925210601822678E-002
  0.17765593670764751       -2.4925210601822678E-002
 -0.10304728429648567       0.10836919636561956     
 -0.10304728429648567      -0.10836919636561956     
  0.15609391254629976        5.1980571300082365E-002
  0.15609391254629976       -5.1980571300082365E-002
 -0.12638542128855940        8.7863544976723135E-002
 -0.12638542128855940       -8.7863544976723135E-002
 -0.14379746137905552        7.2441042022947641E-002
 -0.14379746137905552       -7.2441042022947641E-002
  -5.8284146389553655E-002  0.13553249540716511     
  -5.8284146389553655E-002 -0.13553249540716511     
  0.14432369405125753        6.2656853619020070E-002
  0.14432369405125753       -6.2656853619020070E-002
   4.4430149461953242E-002  0.13871765649769929     
   4.4430149461953242E-002 -0.13871765649769929     
  0.10627685551976607        9.8923884125851222E-002
  0.10627685551976607       -9.8923884125851222E-002
   6.0639372740057505E-003  0.13618237733292590     
   6.0639372740057505E-003 -0.13618237733292590     
   5.0797279739445082E-002  0.13074129003127777     
   5.0797279739445082E-002 -0.13074129003127777     
  -7.1085205168793131E-002  0.11909245129853595     
  -7.1085205168793131E-002 -0.11909245129853595     
 -0.15599185128739418        4.6518093712485845E-002
 -0.15599185128739418       -4.6518093712485845E-002
  0.16956864833687152        8.4416164920325509E-003
  0.16956864833687152       -8.4416164920325509E-003
 -0.16826187373135526        9.3800842898286579E-003
 -0.16826187373135526       -9.3800842898286579E-003
   2.6447043557040157E-002  0.13305626949178043     
   2.6447043557040157E-002 -0.13305626949178043     
  -1.6754736321687672E-002  0.13288135448798757     
  -1.6754736321687672E-002 -0.13288135448798757     
  0.16856293320621729        0.0000000000000000     
  -2.8116360922153642E-002  0.12847263732302197     
  -2.8116360922153642E-002 -0.12847263732302197     
  0.15364725872625062        4.1977056296423745E-002
  0.15364725872625062       -4.1977056296423745E-002
  -5.8048966158851197E-002  0.11005512373659626     
  -5.8048966158851197E-002 -0.11005512373659626     
   3.9124016254441073E-003  0.12531298342304126     
   3.9124016254441073E-003 -0.12531298342304126     
  0.11522094900505928        8.4747792919117229E-002
  0.11522094900505928       -8.4747792919117229E-002
 -0.12487631986983516        6.9368591081148054E-002
 -0.12487631986983516       -6.9368591081148054E-002
   9.1909146766067623E-002   9.3363401056026141E-002
   9.1909146766067623E-002  -9.3363401056026141E-002
   6.5216677536642398E-002  0.10202811481827338     
   6.5216677536642398E-002 -0.10202811481827338     
  0.13134717392168921        5.8101708947527773E-002
  0.13134717392168921       -5.8101708947527773E-002
 -0.15830539648276901        6.0897465485043375E-003
 -0.15830539648276901       -6.0897465485043375E-003
 -0.14950279778690942        2.9180449520300591E-002
 -0.14950279778690942       -2.9180449520300591E-002
 -0.12787993239572315        5.7958570066017588E-002
 -0.12787993239572315       -5.7958570066017588E-002
  0.11060511640520332        7.5902166257574580E-002
  0.11060511640520332       -7.5902166257574580E-002
  0.14999446399480043        1.9156176958742274E-002
  0.14999446399480043       -1.9156176958742274E-002
  0.10067075467799036        7.4646146071515818E-002
  0.10067075467799036       -7.4646146071515818E-002
  0.14284921446184368        0.0000000000000000     
  0.13552456673719132        2.4205879676221318E-002
  0.13552456673719132       -2.4205879676221318E-002
 -0.12882204724740098        3.5525373596933217E-002
 -0.12882204724740098       -3.5525373596933217E-002
 -0.13744188135346630        2.8039010931778182E-002
 -0.13744188135346630       -2.8039010931778182E-002
 -0.14413552798858437        0.0000000000000000     
   1.8159201113695497E-002  0.11391177909966010     
   1.8159201113695497E-002 -0.11391177909966010     
   8.4028729361432505E-002   8.8326870937370211E-002
   8.4028729361432505E-002  -8.8326870937370211E-002
  -3.5702729939155964E-002  0.11018875484743390     
  -3.5702729939155964E-002 -0.11018875484743390     
  -7.6284253405238728E-002   8.5777768782997393E-002
  -7.6284253405238728E-002  -8.5777768782997393E-002
  -6.8009507032474575E-002   9.0582525265043692E-002
  -6.8009507032474575E-002  -9.0582525265043692E-002
  -4.6153218553366848E-002  0.10168514016148578     
  -4.6153218553366848E-002 -0.10168514016148578     
   4.8741345898958711E-002   9.9285332253886874E-002
   4.8741345898958711E-002  -9.9285332253886874E-002
 -0.10849441504721977        4.8364950659999295E-002
 -0.10849441504721977       -4.8364950659999295E-002
  0.11841194887007718        3.1641349767474555E-002
  0.11841194887007718       -3.1641349767474555E-002
  -9.7097430232681359E-002   5.5151709806105884E-002
  -9.7097430232681359E-002  -5.5151709806105884E-002
 -0.13161196886154855        0.0000000000000000     
  -1.5697027035308592E-002  0.10849624485595993     
  -1.5697027035308592E-002 -0.10849624485595993     
   1.4792906935725767E-002  0.10561109546341590     
   1.4792906935725767E-002 -0.10561109546341590     
   7.5294773716448882E-002   7.2659000494504508E-002
   7.5294773716448882E-002  -7.2659000494504508E-002
  0.12345075538293862        1.4822540376803004E-002
  0.12345075538293862       -1.4822540376803004E-002
   3.5012629868276864E-002   9.9299682165506026E-002
   3.5012629868276864E-002  -9.9299682165506026E-002
 -0.12334896047260983        0.0000000000000000     
  0.12519864923174853        0.0000000000000000     
   6.0877680725030602E-002   8.3892100089124094E-002
   6.0877680725030602E-002  -8.3892100089124094E-002
  -4.0687683069271736E-002   8.8074457474076440E-002
  -4.0687683069271736E-002  -8.8074457474076440E-002
 -0.10194903660270632        1.9208217742966795E-002
 -0.10194903660270632       -1.9208217742966795E-002
   7.2436248254813228E-003   9.9610219085476556E-002
   7.2436248254813228E-003  -9.9610219085476556E-002
  -9.2184618466977356E-002   3.9404914983615549E-002
  -9.2184618466977356E-002  -3.9404914983615549E-002
  -7.3466912044868091E-002   6.0911991706114624E-002
  -7.3466912044868091E-002  -6.0911991706114624E-002
  -9.1361603503923181E-002   0.0000000000000000     
  -9.9765334628193036E-002   4.2442003447551802E-003
  -9.9765334628193036E-002  -4.2442003447551802E-003
  -1.5975701789285687E-002   9.2407603730638277E-002
  -1.5975701789285687E-002  -9.2407603730638277E-002
  -7.5730121825267366E-002   5.2166490681056506E-002
  -7.5730121825267366E-002  -5.2166490681056506E-002
  -4.6458185548478630E-002   7.7940712625719805E-002
  -4.6458185548478630E-002  -7.7940712625719805E-002
  0.10528313739130080        3.0008832605614492E-002
  0.10528313739130080       -3.0008832605614492E-002
   8.9632201979122805E-002   5.4055820314353339E-002
   8.9632201979122805E-002  -5.4055820314353339E-002
  -8.2335362578879578E-002   3.0346837294053092E-002
  -8.2335362578879578E-002  -3.0346837294053092E-002
   4.2029528944992608E-002   8.6533888929021072E-002
   4.2029528944992608E-002  -8.6533888929021072E-002
   7.6364563162778287E-002   5.3836077192759797E-002
   7.6364563162778287E-002  -5.3836077192759797E-002
  -4.4519241716474089E-002   5.9666269606539438E-002
  -4.4519241716474089E-002  -5.9666269606539438E-002
  -4.5660807885959179E-003   8.0315504289389231E-002
  -4.5660807885959179E-003  -8.0315504289389231E-002
  0.10051556873012914        0.0000000000000000     
   2.8396288955063832E-002   8.1087943845765412E-002
   2.8396288955063832E-002  -8.1087943845765412E-002
   6.4694080834118414E-002   5.7362448364985684E-002
   6.4694080834118414E-002  -5.7362448364985684E-002
   9.4361747104893839E-002   0.0000000000000000     
   8.5685218150074349E-002   2.8123842759447511E-002
   8.5685218150074349E-002  -2.8123842759447511E-002
   8.6620333532471561E-002   1.5495144893908037E-002
   8.6620333532471561E-002  -1.5495144893908037E-002
   4.1884698411518928E-002   6.8541773527579078E-002
   4.1884698411518928E-002  -6.8541773527579078E-002
   1.7688420728779110E-002   7.7107238736120132E-002
   1.7688420728779110E-002  -7.7107238736120132E-002
   7.3857905123849515E-002   2.8234006904172618E-002
   7.3857905123849515E-002  -2.8234006904172618E-002
  -8.2686291922794405E-002   0.0000000000000000     
   4.8815604066234003E-002   4.9382248451725827E-002
   4.8815604066234003E-002  -4.9382248451725827E-002
   2.1951491335280307E-002   5.7194031191564514E-002
   2.1951491335280307E-002  -5.7194031191564514E-002
  -3.1470468653471632E-002   5.1420165504764630E-002
  -3.1470468653471632E-002  -5.1420165504764630E-002
  -5.3430722322898062E-002   4.1382353805032988E-002
  -5.3430722322898062E-002  -4.1382353805032988E-002
   1.0645964575321465E-002   5.7524730726651152E-002
   1.0645964575321465E-002  -5.7524730726651152E-002
  -6.4581195117597412E-002   2.9567269676432289E-002
  -6.4581195117597412E-002  -2.9567269676432289E-002
   5.0095749385967343E-002   2.9866794523195111E-002
   5.0095749385967343E-002  -2.9866794523195111E-002
  -6.6625653250896838E-002   1.7068823987441445E-002
  -6.6625653250896838E-002  -1.7068823987441445E-002
   6.0195877927301820E-002   0.0000000000000000     
  -6.3920632771495789E-002   0.0000000000000000     
  -5.3493120639128533E-002   2.2080832957968411E-002
  -5.3493120639128533E-002  -2.2080832957968411E-002
   5.2250652404925664E-002   1.2488213882005708E-002
   5.2250652404925664E-002  -1.2488213882005708E-002
   4.0943773527955474E-002   2.0429342585312142E-002
   4.0943773527955474E-002  -2.0429342585312142E-002
  -1.3855659869748474E-002   4.5346965264024097E-002
  -1.3855659869748474E-002  -4.5346965264024097E-002
  -1.1307817130141980E-003   4.4767366379994435E-002
  -1.1307817130141980E-003  -4.4767366379994435E-002
   2.0153345502622901E-002   3.4102890780977550E-002
   2.0153345502622901E-002  -3.4102890780977550E-002
  -2.7470511280292289E-002   2.8612523840553732E-002
  -2.7470511280292289E-002  -2.8612523840553732E-002
  -3.7473463386959879E-002   1.7318550438750441E-002
  -3.7473463386959879E-002  -1.7318550438750441E-002
  -3.6249115186112076E-002   0.0000000000000000     
   2.9705224320581650E-004   3.2325016869696230E-002
   2.9705224320581650E-004  -3.2325016869696230E-002
   2.9513288777268297E-002   1.0132951769127626E-002
   2.9513288777268297E-002  -1.0132951769127626E-002
  -9.8606928741856205E-003   2.1060236133881829E-002
  -9.8606928741856205E-003  -2.1060236133881829E-002
   1.1538651570254538E-002   2.0138616676264227E-002
   1.1538651570254538E-002  -2.0138616676264227E-002
   2.2699278336111201E-002   0.0000000000000000     
  -1.9288574672529146E-002   0.0000000000000000     
  -1.0224359148332095E-002   1.0286412134795588E-002
  -1.0224359148332095E-002  -1.0286412134795588E-002
   1.1484606570079273E-002   7.6834436602309627E-003
   1.1484606570079273E-002  -7.6834436602309627E-003
  -9.3511516043469529E-003   0.0000000000000000     
   3.6261996406505384E-003   8.3482521380231680E-003
   3.6261996406505384E-003  -8.3482521380231680E-003
   1.3635981388833420E-003   4.6208140116024612E-003
   1.3635981388833420E-003  -4.6208140116024612E-003
   5.2630100128040674E-005   4.3584736014360998E-004
   5.2630100128040674E-005  -4.3584736014360998E-004
   3.3530883882536023E-004   0.0000000000000000     
  -2.5361120273351171E-005   0.0000000000000000     
   4.4590107025229150E-006   0.0000000000000000     
   2.8081261574276646E-006   0.0000000000000000     
  -7.0347318206400288E-016   0.0000000000000000     
