  -9.5804321645687196E-005   47.768176827434537     
  -9.5804321645687196E-005  -47.768176827434537     
  -1.6129267578435247E-005   47.666352982725684     
  -1.6129267578435247E-005  -47.666352982725684     
  -3.9485702139119283E-004   47.511392996814607     
  -3.9485702139119283E-004  -47.511392996814607     
   3.5781629142661586E-004   47.527717128732057     
   3.5781629142661586E-004  -47.527717128732057     
  -5.4176243653358824E-004   47.338638097693831     
  -5.4176243653358824E-004  -47.338638097693831     
   4.1071316285190562E-004   47.361032470909400     
   4.1071316285190562E-004  -47.361032470909400     
  -2.9074676157330170E-003   46.766931382237630     
  -2.9074676157330170E-003  -46.766931382237630     
   2.0927041638625354E-003   46.758644847525531     
   2.0927041638625354E-003  -46.758644847525531     
  -4.6881557276101660E-003   46.406808909396332     
  -4.6881557276101660E-003  -46.406808909396332     
   4.0197855764034784E-003   46.393643618999960     
   4.0197855764034784E-003  -46.393643618999960     
   3.7318220838966631E-005   45.695788182643355     
   3.7318220838966631E-005  -45.695788182643355     
   5.2268118540865771E-005   45.522867347612113     
   5.2268118540865771E-005  -45.522867347612113     
  -1.1568117272098277E-005   45.514368931307111     
  -1.1568117272098277E-005  -45.514368931307111     
  -1.9904224998972264E-003   45.477364994067450     
  -1.9904224998972264E-003  -45.477364994067450     
   1.1691668362212582E-003   45.445217279880168     
   1.1691668362212582E-003  -45.445217279880168     
   7.2062582874476977E-004   45.166580817860527     
   7.2062582874476977E-004  -45.166580817860527     
  -1.1824948207852515E-003   44.972230598635093     
  -1.1824948207852515E-003  -44.972230598635093     
   1.6308406842204803E-003   44.966806934788785     
   1.6308406842204803E-003  -44.966806934788785     
  -2.3658848071921312E-003   44.750061410760289     
  -2.3658848071921312E-003  -44.750061410760289     
   6.9567179040044280E-003   44.793584714252084     
   6.9567179040044280E-003  -44.793584714252084     
  -5.0426198318138660E-003   44.827462888040230     
  -5.0426198318138660E-003  -44.827462888040230     
  -4.8428580811865629E-004   44.819521711947459     
  -4.8428580811865629E-004  -44.819521711947459     
  -1.4290725148260464E-003   44.013079959914748     
  -1.4290725148260464E-003  -44.013079959914748     
   1.3061939636660469E-003   43.996159052773223     
   1.3061939636660469E-003  -43.996159052773223     
  -4.8321007425791151E-003   43.565039122018611     
  -4.8321007425791151E-003  -43.565039122018611     
   5.5348689732550582E-003   43.571967094686677     
   5.5348689732550582E-003  -43.571967094686677     
  -6.6587914565738870E-003   43.716940475922847     
  -6.6587914565738870E-003  -43.716940475922847     
   5.7047206298488362E-003   43.697553679436432     
   5.7047206298488362E-003  -43.697553679436432     
  -7.3261693540995765E-003   42.508342913936154     
  -7.3261693540995765E-003  -42.508342913936154     
   7.5226046270593372E-004   42.561451004570685     
   7.5226046270593372E-004  -42.561451004570685     
  -2.6312000709882710E-003   42.553660478541687     
  -2.6312000709882710E-003  -42.553660478541687     
   8.8121855938219085E-003   42.523260486211981     
   8.8121855938219085E-003  -42.523260486211981     
  -3.0386687168006965E-003   41.914476196690579     
  -3.0386687168006965E-003  -41.914476196690579     
  -2.1297307758061379E-004   41.893925084693421     
  -2.1297307758061379E-004  -41.893925084693421     
   3.3063559903183659E-003   41.853548784266955     
   3.3063559903183659E-003  -41.853548784266955     
  -3.3370928406117883E-004   41.778708749994372     
  -3.3370928406117883E-004  -41.778708749994372     
   9.6258189325126864E-005   41.782530347264512     
   9.6258189325126864E-005  -41.782530347264512     
  -9.8485799124992113E-004   41.424568828209431     
  -9.8485799124992113E-004  -41.424568828209431     
   7.9564901851014724E-004   41.421951246101010     
   7.9564901851014724E-004  -41.421951246101010     
  -3.0987571325677976E-003   41.052798457860646     
  -3.0987571325677976E-003  -41.052798457860646     
   2.3911222034094237E-003   41.030769248646408     
   2.3911222034094237E-003  -41.030769248646408     
   6.3200846293431923E-004   40.769097403457401     
   6.3200846293431923E-004  -40.769097403457401     
  -6.7192687130734896E-004   40.777075443963760     
  -6.7192687130734896E-004  -40.777075443963760     
  -1.3957390747734166E-003   40.552714344615751     
  -1.3957390747734166E-003  -40.552714344615751     
   2.6992626119870522E-004   40.541099751161333     
   2.6992626119870522E-004  -40.541099751161333     
   6.5283599003329584E-004   40.378405436492024     
   6.5283599003329584E-004  -40.378405436492024     
   7.6290414381219307E-003   38.818237916432267     
   7.6290414381219307E-003  -38.818237916432267     
  -8.3393648042804358E-003   38.838067560372728     
  -8.3393648042804358E-003  -38.838067560372728     
  -3.7916095447574349E-003   39.973426822771373     
  -3.7916095447574349E-003  -39.973426822771373     
   7.7375008958835423E-004   40.004929931874130     
   7.7375008958835423E-004  -40.004929931874130     
  -1.1169586463350534E-002   39.330604026819650     
  -1.1169586463350534E-002  -39.330604026819650     
   7.2998207767316359E-003   39.355003398309123     
   7.2998207767316359E-003  -39.355003398309123     
   6.6477032474185904E-003   39.549887956254040     
   6.6477032474185904E-003  -39.549887956254040     
  -1.7287322828511975E-003   39.579241859077513     
  -1.7287322828511975E-003  -39.579241859077513     
  -1.6757725457487993E-003   39.752417060271021     
  -1.6757725457487993E-003  -39.752417060271021     
   1.1748716658326330E-003   39.755012423535263     
   1.1748716658326330E-003  -39.755012423535263     
  -1.0557242600768291E-003   38.276047768591816     
  -1.0557242600768291E-003  -38.276047768591816     
   7.4632798457408001E-004   38.269054128873208     
   7.4632798457408001E-004  -38.269054128873208     
   5.0013700277418138E-003   37.926451950134265     
   5.0013700277418138E-003  -37.926451950134265     
   4.8962586028613586E-003   37.877464373581610     
   4.8962586028613586E-003  -37.877464373581610     
  -5.2099216648464619E-003   37.842338700919832     
  -5.2099216648464619E-003  -37.842338700919832     
  -6.5941358734455946E-003   37.900148814209388     
  -6.5941358734455946E-003  -37.900148814209388     
  -1.8586221312215656E-003   36.954393159401349     
  -1.8586221312215656E-003  -36.954393159401349     
  -9.1456628557518016E-003   35.934848050835690     
  -9.1456628557518016E-003  -35.934848050835690     
   7.1502565761072390E-003   35.973826846884599     
   7.1502565761072390E-003  -35.973826846884599     
  -7.5534259761367295E-004   36.889846361470148     
  -7.5534259761367295E-004  -36.889846361470148     
   3.9887897076518186E-003   36.882492544522208     
   3.9887897076518186E-003  -36.882492544522208     
  -5.7012850954052396E-004   36.620678908757966     
  -5.7012850954052396E-004  -36.620678908757966     
   4.3494209595529298E-004   36.619787988412412     
   4.3494209595529298E-004  -36.619787988412412     
   4.7681701538788701E-003   36.110169456519706     
   4.7681701538788701E-003  -36.110169456519706     
  -2.9170891225405171E-004   36.825331740574434     
  -2.9170891225405171E-004  -36.825331740574434     
  -6.6371934732742943E-003   36.154891216291382     
  -6.6371934732742943E-003  -36.154891216291382     
   1.9348026811538688E-004   36.827267166948928     
   1.9348026811538688E-004  -36.827267166948928     
   3.1538240509485505E-003   36.244536695424046     
   3.1538240509485505E-003  -36.244536695424046     
  -2.7550079232616653E-003   36.224119971026099     
  -2.7550079232616653E-003  -36.224119971026099     
  -2.2197338377694109E-004   36.226707657377915     
  -2.2197338377694109E-004  -36.226707657377915     
  -1.0205910019012165E-004   36.233114864632370     
  -1.0205910019012165E-004  -36.233114864632370     
  -1.0278001499537393E-003   35.572540017147723     
  -1.0278001499537393E-003  -35.572540017147723     
   7.1078934926038784E-004   35.574192367733765     
   7.1078934926038784E-004  -35.574192367733765     
   6.6538600119234736E-003   34.642135988937518     
   6.6538600119234736E-003  -34.642135988937518     
  -7.9137580182617739E-003   34.634505823792018     
  -7.9137580182617739E-003  -34.634505823792018     
  -1.1237366187202724E-002   34.291817445567546     
  -1.1237366187202724E-002  -34.291817445567546     
   1.0028564565544684E-002   34.314233420524069     
   1.0028564565544684E-002  -34.314233420524069     
  -4.1198711516088338E-004   34.563238390843594     
  -4.1198711516088338E-004  -34.563238390843594     
   5.8857848923565825E-005   34.560041379536479     
   5.8857848923565825E-005  -34.560041379536479     
   1.3434187856613988E-002   34.048470545931863     
   1.3434187856613988E-002  -34.048470545931863     
  -1.5684550309917000E-002   34.036779851569278     
  -1.5684550309917000E-002  -34.036779851569278     
   4.7162380090703948E-004   33.778222589006546     
   4.7162380090703948E-004  -33.778222589006546     
   1.0103963628873558E-003   33.091409944144786     
   1.0103963628873558E-003  -33.091409944144786     
   2.0013738651103452E-004   33.376330105786316     
   2.0013738651103452E-004  -33.376330105786316     
  -1.0977564624408132E-003   33.082330670909002     
  -1.0977564624408132E-003  -33.082330670909002     
   4.6745915872001831E-003   33.587985003642366     
   4.6745915872001831E-003  -33.587985003642366     
   1.0689850706349091E-003   33.408437985953334     
   1.0689850706349091E-003  -33.408437985953334     
  -7.0355389249838751E-003   33.579462435499515     
  -7.0355389249838751E-003  -33.579462435499515     
  -1.3127735048383826E-002   32.322666096219763     
  -1.3127735048383826E-002  -32.322666096219763     
  -2.3171338954762088E-002   32.295891041775036     
  -2.3171338954762088E-002  -32.295891041775036     
   2.7198699035952068E-002   32.258290062490879     
   2.7198699035952068E-002  -32.258290062490879     
   9.4813763438406085E-003   32.277671386047679     
   9.4813763438406085E-003  -32.277671386047679     
   2.2800337591029951E-002   31.781397819543287     
   2.2800337591029951E-002  -31.781397819543287     
  -2.6310381660370474E-002   31.777662004338261     
  -2.6310381660370474E-002  -31.777662004338261     
   5.9211832403964770E-003   30.740461713047321     
   5.9211832403964770E-003  -30.740461713047321     
  -6.9514586880599083E-003   30.764900676457387     
  -6.9514586880599083E-003  -30.764900676457387     
   2.2334791402123244E-004   30.821019763539386     
   2.2334791402123244E-004  -30.821019763539386     
  -2.0166006622623911E-004   30.822032554951083     
  -2.0166006622623911E-004  -30.822032554951083     
   4.7549702083315992E-005   31.163523515310153     
   4.7549702083315992E-005  -31.163523515310153     
  -9.4397323162067615E-003   31.075536668686688     
  -9.4397323162067615E-003  -31.075536668686688     
   2.5374319333781870E-004   31.133596478235937     
   2.5374319333781870E-004  -31.133596478235937     
   2.6932317915395743E-005   31.133090004586524     
   2.6932317915395743E-005  -31.133090004586524     
   3.0005339241965245E-003   31.057582876053331     
   3.0005339241965245E-003  -31.057582876053331     
   3.9662074562656358E-003   31.030948448175419     
   3.9662074562656358E-003  -31.030948448175419     
   6.7733105789624659E-004   31.055491448377872     
   6.7733105789624659E-004  -31.055491448377872     
  -6.3510482042605787E-004   31.029864014700387     
  -6.3510482042605787E-004  -31.029864014700387     
  -3.8681330764844812E-006   31.031068182233678     
  -3.8681330764844812E-006  -31.031068182233678     
   7.6935797717415932E-003   29.671695684406391     
   7.6935797717415932E-003  -29.671695684406391     
  -1.0643278140750362E-002   29.700204438910486     
  -1.0643278140750362E-002  -29.700204438910486     
  -8.1036310578680871E-005   29.803638747790341     
  -8.1036310578680871E-005  -29.803638747790341     
   2.1746109300923785E-004   29.801839987868252     
   2.1746109300923785E-004  -29.801839987868252     
   2.3361875273648913E-003   30.289757612645364     
   2.3361875273648913E-003  -30.289757612645364     
  -4.3929951444256210E-003   30.313545317859081     
  -4.3929951444256210E-003  -30.313545317859081     
   1.6770035122859461E-003   30.369224000260193     
   1.6770035122859461E-003  -30.369224000260193     
  -6.7124732121227604E-003   30.446656766403912     
  -6.7124732121227604E-003  -30.446656766403912     
   3.0135625378857611E-003   30.439492225641700     
   3.0135625378857611E-003  -30.439492225641700     
   1.6978256410937753E-004   30.441614391930997     
   1.6978256410937753E-004  -30.441614391930997     
   3.9562806919946070E-004   28.801966811307096     
   3.9562806919946070E-004  -28.801966811307096     
  -7.7205461152640709E-004   28.797187356418444     
  -7.7205461152640709E-004  -28.797187356418444     
  -2.9618268590816399E-003   28.430373176564370     
  -2.9618268590816399E-003  -28.430373176564370     
   7.1133113290411387E-004   28.414169919398887     
   7.1133113290411387E-004  -28.414169919398887     
   3.1348875398802711E-002   28.026996623457368     
   3.1348875398802711E-002  -28.026996623457368     
  -3.6783502542201418E-002   28.026943478736598     
  -3.6783502542201418E-002  -28.026943478736598     
  -8.0271178358639617E-003   27.898688089557840     
  -8.0271178358639617E-003  -27.898688089557840     
   1.2906832278367197E-002   27.923091646888725     
   1.2906832278367197E-002  -27.923091646888725     
   3.7972733925157875E-003   27.333731311131046     
   3.7972733925157875E-003  -27.333731311131046     
   2.6774138530534231E-003   27.306971773252762     
   2.6774138530534231E-003  -27.306971773252762     
  -1.7433479581979494E-002   27.179109428487450     
  -1.7433479581979494E-002  -27.179109428487450     
   1.3927249920915319E-002   27.148988606344673     
   1.3927249920915319E-002  -27.148988606344673     
  -1.1188073266739096E-002   27.271410047964320     
  -1.1188073266739096E-002  -27.271410047964320     
   6.8443585691468911E-005   27.328338834400519     
   6.8443585691468911E-005  -27.328338834400519     
  -7.4657245963449803E-003   26.464684168369228     
  -7.4657245963449803E-003  -26.464684168369228     
   7.4267010658365384E-003   26.441569081739239     
   7.4267010658365384E-003  -26.441569081739239     
  -1.4235293414847749E-002   26.384937054914626     
  -1.4235293414847749E-002  -26.384937054914626     
   8.6735761652292354E-003   26.362944460115660     
   8.6735761652292354E-003  -26.362944460115660     
   2.4697924044452257E-003   26.142534322739333     
   2.4697924044452257E-003  -26.142534322739333     
  -1.0637407488842676E-003   25.784189299936934     
  -1.0637407488842676E-003  -25.784189299936934     
   2.2941283570809823E-004   25.808242915730371     
   2.2941283570809823E-004  -25.808242915730371     
  -1.9363370734861718E-003   25.325884002988179     
  -1.9363370734861718E-003  -25.325884002988179     
   2.0207665902063354E-003   25.312927417749830     
   2.0207665902063354E-003  -25.312927417749830     
  -4.6647013401810433E-003   25.210743798679246     
  -4.6647013401810433E-003  -25.210743798679246     
  -2.9797482309056100E-002   24.762635417668207     
  -2.9797482309056100E-002  -24.762635417668207     
   8.2277843405957896E-003   25.198520186427128     
   8.2277843405957896E-003  -25.198520186427128     
   9.0027731743491657E-003   24.769378214843446     
   9.0027731743491657E-003  -24.769378214843446     
   1.7109218001976068E-004   24.725236177572942     
   1.7109218001976068E-004  -24.725236177572942     
  -2.2719129881124123E-004   24.725652936457230     
  -2.2719129881124123E-004  -24.725652936457230     
   2.5251520356904145E-002   24.875172331537456     
   2.5251520356904145E-002  -24.875172331537456     
  -5.2671305680415115E-003   24.884433469388906     
  -5.2671305680415115E-003  -24.884433469388906     
  -8.8233167385709521E-006   25.074798263521366     
  -8.8233167385709521E-006  -25.074798263521366     
  -1.0390664017572382E-002   24.968860657529159     
  -1.0390664017572382E-002  -24.968860657529159     
   5.3736082944899621E-003   24.935574901100843     
   5.3736082944899621E-003  -24.935574901100843     
  -7.3834438887310228E-006   25.063242473514315     
  -7.3834438887310228E-006  -25.063242473514315     
  -7.2178715444515262E-005   25.021466805210739     
  -7.2178715444515262E-005  -25.021466805210739     
  -6.4697157612925160E-006   25.063416225844570     
  -6.4697157612925160E-006  -25.063416225844570     
   3.9667370257845391E-005   25.021458656584038     
   3.9667370257845391E-005  -25.021458656584038     
  -1.5431230812534835E-004   24.924694119834538     
  -1.5431230812534835E-004  -24.924694119834538     
   3.0704069988729543E-006   24.924414506796463     
   3.0704069988729543E-006  -24.924414506796463     
  -2.2801140730277503E-004   24.352693167184256     
  -2.2801140730277503E-004  -24.352693167184256     
   2.8877583878308754E-005   24.352157330621601     
   2.8877583878308754E-005  -24.352157330621601     
   1.5444787641577862E-002   23.110808607526852     
   1.5444787641577862E-002  -23.110808607526852     
   4.6544533518795755E-002   23.139910122550479     
   4.6544533518795755E-002  -23.139910122550479     
   8.1150171373331609E-003   23.162750412293878     
   8.1150171373331609E-003  -23.162750412293878     
  -6.9980898200553893E-002   23.166815927872115     
  -6.9980898200553893E-002  -23.166815927872115     
  -1.6920645079125274E-002   23.451760952250183     
  -1.6920645079125274E-002  -23.451760952250183     
   1.0440458970027100E-002   23.412103928325394     
   1.0440458970027100E-002  -23.412103928325394     
   1.9518538809674968E-004   23.712643542418778     
   1.9518538809674968E-004  -23.712643542418778     
  -6.4805059152156508E-006   23.710051895477562     
  -6.4805059152156508E-006  -23.710051895477562     
  -2.6538817955041386E-003   21.528467763255694     
  -2.6538817955041386E-003  -21.528467763255694     
  -1.7060524677020850E-003   21.678440274204423     
  -1.7060524677020850E-003  -21.678440274204423     
   9.7969292418555870E-004   21.720750469468598     
   9.7969292418555870E-004  -21.720750469468598     
  -1.6910671468773966E-003   22.173612407998103     
  -1.6910671468773966E-003  -22.173612407998103     
   3.4590228987470134E-003   22.203795739028518     
   3.4590228987470134E-003  -22.203795739028518     
  -1.9436490096595149E-002   22.330147876731019     
  -1.9436490096595149E-002  -22.330147876731019     
   1.3892351382610468E-002   22.331858613205796     
   1.3892351382610468E-002  -22.331858613205796     
  -6.5696112219422384E-003   22.764790487962433     
  -6.5696112219422384E-003  -22.764790487962433     
   6.1320456353177108E-003   22.752026816205206     
   6.1320456353177108E-003  -22.752026816205206     
   1.6269453483408469E-003   22.703863534732690     
   1.6269453483408469E-003  -22.703863534732690     
  -2.0654229711149774E-003   22.702732736303894     
  -2.0654229711149774E-003  -22.702732736303894     
   1.9963492910176850E-002   21.489423221537248     
   1.9963492910176850E-002  -21.489423221537248     
  -1.2893882434314996E-002   21.451435303022986     
  -1.2893882434314996E-002  -21.451435303022986     
  -1.3311235394463772E-002   20.917664352611666     
  -1.3311235394463772E-002  -20.917664352611666     
  -1.3671303588644435E-002   21.406350987447293     
  -1.3671303588644435E-002  -21.406350987447293     
   1.1514365239242430E-002   20.932038627874121     
   1.1514365239242430E-002  -20.932038627874121     
  -1.5354907855780198E-003   21.253629151806113     
  -1.5354907855780198E-003  -21.253629151806113     
   2.7342782831709656E-003   21.243366022047827     
   2.7342782831709656E-003  -21.243366022047827     
   1.0527305036851065E-002   20.090222864562573     
   1.0527305036851065E-002  -20.090222864562573     
  -1.1064904107450424E-002   20.046637281783724     
  -1.1064904107450424E-002  -20.046637281783724     
   1.1346678368951979E-003   19.724350172707652     
   1.1346678368951979E-003  -19.724350172707652     
  -3.5597862117588974E-003   19.692470185349105     
  -3.5597862117588974E-003  -19.692470185349105     
  -6.5839227066160078E-003   19.316744207265231     
  -6.5839227066160078E-003  -19.316744207265231     
   4.8118012315661041E-003   19.307376944802357     
   4.8118012315661041E-003  -19.307376944802357     
  -2.4950931570333346E-002   18.903682595549846     
  -2.4950931570333346E-002  -18.903682595549846     
   2.0365720871804882E-002   18.872224448251721     
   2.0365720871804882E-002  -18.872224448251721     
   2.6075973253443241E-002   18.740602162450806     
   2.6075973253443241E-002  -18.740602162450806     
  -1.7471168329017406E-002   18.767614452343523     
  -1.7471168329017406E-002  -18.767614452343523     
   3.9903890680648146E-007   18.841257021094830     
   3.9903890680648146E-007  -18.841257021094830     
  -2.3772987504333543E-005   18.824777619633107     
  -2.3772987504333543E-005  -18.824777619633107     
   1.1088821049387576E-005   18.824777311996115     
   1.1088821049387576E-005  -18.824777311996115     
  -1.0087652597690067E-006   18.838106733449056     
  -1.0087652597690067E-006  -18.838106733449056     
   5.5677029920264687E-005   18.786825695967586     
   5.5677029920264687E-005  -18.786825695967586     
  -9.6365470958481581E-006   18.786861834610754     
  -9.6365470958481581E-006  -18.786861834610754     
   8.1983228623627724E-006   18.838120538263183     
   8.1983228623627724E-006  -18.838120538263183     
  -8.8848583923883950E-005   18.693153862703728     
  -8.8848583923883950E-005  -18.693153862703728     
   2.7668803269931264E-005   18.693304720269737     
   2.7668803269931264E-005  -18.693304720269737     
   4.5495490668883143E-003   16.310876411973918     
   4.5495490668883143E-003  -16.310876411973918     
  -2.7637577029104854E-003   16.341268887740320     
  -2.7637577029104854E-003  -16.341268887740320     
  -2.9256732586229184E-003   18.406991646751848     
  -2.9256732586229184E-003  -18.406991646751848     
  -1.9658534460731403E-005   18.491257084979157     
  -1.9658534460731403E-005  -18.491257084979157     
  -6.4826251696681325E-005   18.490923280309939     
  -6.4826251696681325E-005  -18.490923280309939     
  -1.2399729386856961E-002   18.312392018790860     
  -1.2399729386856961E-002  -18.312392018790860     
   1.1601700949075422E-002   18.275327477589446     
   1.1601700949075422E-002  -18.275327477589446     
   1.2165861879331885E-003   16.467048879800956     
   1.2165861879331885E-003  -16.467048879800956     
  -1.7356044901974954E-003   16.471218165063849     
  -1.7356044901974954E-003  -16.471218165063849     
  -8.7801044608029413E-003   18.127163870241997     
  -8.7801044608029413E-003  -18.127163870241997     
   4.5050380556777014E-003   18.115200050117718     
   4.5050380556777014E-003  -18.115200050117718     
  -2.6283953420660477E-003   18.109271587690120     
  -2.6283953420660477E-003  -18.109271587690120     
   5.8660294213996877E-004   18.108382234187172     
   5.8660294213996877E-004  -18.108382234187172     
  -9.9834397646958450E-003   16.913969328659761     
  -9.9834397646958450E-003  -16.913969328659761     
  -6.7247135610870590E-003   17.002350275657349     
  -6.7247135610870590E-003  -17.002350275657349     
   6.6517115692273698E-002   17.749485922105343     
   6.6517115692273698E-002  -17.749485922105343     
  -5.6534536121754075E-002   17.745839351894620     
  -5.6534536121754075E-002  -17.745839351894620     
   2.9782004663145845E-003   16.940776037009602     
   2.9782004663145845E-003  -16.940776037009602     
   9.2980206265544929E-003   16.957490993418876     
   9.2980206265544929E-003  -16.957490993418876     
  -7.0573272685781063E-003   17.792052022370694     
  -7.0573272685781063E-003  -17.792052022370694     
   5.5430797368090090E-003   17.763456874473086     
   5.5430797368090090E-003  -17.763456874473086     
   1.5278178260214048E-003   17.275904694170066     
   1.5278178260214048E-003  -17.275904694170066     
  -1.3481160455254493E-002   17.290142582585183     
  -1.3481160455254493E-002  -17.290142582585183     
  -4.9940941535844413E-003   17.566123526824196     
  -4.9940941535844413E-003  -17.566123526824196     
   2.0193572136957716E-002   17.521897829272802     
   2.0193572136957716E-002  -17.521897829272802     
  -3.9879868620555925E-003   17.503514875418851     
  -3.9879868620555925E-003  -17.503514875418851     
  -2.2878540388062696E-002   17.453312821705246     
  -2.2878540388062696E-002  -17.453312821705246     
   2.3138814340333269E-003   17.456274716518362     
   2.3138814340333269E-003  -17.456274716518362     
  -2.2402366954428210E-003   17.457308793018399     
  -2.2402366954428210E-003  -17.457308793018399     
   4.6157535689060614E-003   15.909493060116928     
   4.6157535689060614E-003  -15.909493060116928     
  -3.1650939782279508E-003   15.946795565216831     
  -3.1650939782279508E-003  -15.946795565216831     
  -3.6753823421343590E-002   14.668423427953197     
  -3.6753823421343590E-002  -14.668423427953197     
   2.5611355003953923E-002   15.390428095318557     
   2.5611355003953923E-002  -15.390428095318557     
  -2.1371928628139088E-002   15.387599173738881     
  -2.1371928628139088E-002  -15.387599173738881     
  -4.9003119617117286E-003   15.100393424331884     
  -4.9003119617117286E-003  -15.100393424331884     
   4.1262019441434955E-003   15.093991588335623     
   4.1262019441434955E-003  -15.093991588335623     
  -6.8084397759804460E-004   15.289184272312218     
  -6.8084397759804460E-004  -15.289184272312218     
  -1.4075246760044513E-002   15.313277964523561     
  -1.4075246760044513E-002  -15.313277964523561     
   3.0387774983648974E-002   14.658044469836755     
   3.0387774983648974E-002  -14.658044469836755     
   6.0504880488849722E-003   14.264084849608823     
   6.0504880488849722E-003  -14.264084849608823     
  -2.2281548766937220E-002   14.246583310009015     
  -2.2281548766937220E-002  -14.246583310009015     
  -4.3715500870167734E-002   14.086811502742039     
  -4.3715500870167734E-002  -14.086811502742039     
   3.8963874756115402E-002   14.022203421076377     
   3.8963874756115402E-002  -14.022203421076377     
   4.7005934836663599E-003   14.213385177253082     
   4.7005934836663599E-003  -14.213385177253082     
   1.0953313230017248E-002   14.128664202882836     
   1.0953313230017248E-002  -14.128664202882836     
   1.4306504796381514E-002   14.171604677098733     
   1.4306504796381514E-002  -14.171604677098733     
  -1.0755552139283253E-002   14.170015014125720     
  -1.0755552139283253E-002  -14.170015014125720     
   8.5901711675839820E-003   13.623846621593584     
   8.5901711675839820E-003  -13.623846621593584     
   1.4816552477571410E-002   13.508324845632149     
   1.4816552477571410E-002  -13.508324845632149     
  -2.6079872099273871E-002   13.491376683162930     
  -2.6079872099273871E-002  -13.491376683162930     
   2.9781331760612151E-003   13.399892009411383     
   2.9781331760612151E-003  -13.399892009411383     
  -2.1405425983276327E-002   13.321663635718163     
  -2.1405425983276327E-002  -13.321663635718163     
   4.2909666580586148E-003   13.350274329452171     
   4.2909666580586148E-003  -13.350274329452171     
  -7.5529231784137174E-003   12.930873146498788     
  -7.5529231784137174E-003  -12.930873146498788     
   3.8676222089879531E-003   12.889979666894696     
   3.8676222089879531E-003  -12.889979666894696     
   1.0718748428552916E-002   12.865316980320820     
   1.0718748428552916E-002  -12.865316980320820     
  -1.1651354752293730E-002   12.756688051522389     
  -1.1651354752293730E-002  -12.756688051522389     
   1.6185015273579850E-003   11.462536569574121     
   1.6185015273579850E-003  -11.462536569574121     
   1.4949995567308250E-003   11.820024749086645     
   1.4949995567308250E-003  -11.820024749086645     
  -1.0744729129321673E-003   11.820420434883179     
  -1.0744729129321673E-003  -11.820420434883179     
   3.6329811522772815E-004   12.084154534049706     
   3.6329811522772815E-004  -12.084154534049706     
   9.6109688343437652E-003   12.095552594593741     
   9.6109688343437652E-003  -12.095552594593741     
   5.4756005864975976E-003   11.404812632222544     
   5.4756005864975976E-003  -11.404812632222544     
   6.5633040429045497E-002   12.350714703771015     
   6.5633040429045497E-002  -12.350714703771015     
  -6.7674087176652353E-002   12.355451793848029     
  -6.7674087176652353E-002  -12.355451793848029     
  -1.2145532043493112E-002   12.441587969613673     
  -1.2145532043493112E-002  -12.441587969613673     
  -1.8471540858322477E-004   12.409808537553369     
  -1.8471540858322477E-004  -12.409808537553369     
  -1.2878139492134011E-005   12.410329508697924     
  -1.2878139492134011E-005  -12.410329508697924     
   1.5386399317396382E-004   12.200392109167632     
   1.5386399317396382E-004  -12.200392109167632     
  -2.4496577437638223E-005   12.510201902402983     
  -2.4496577437638223E-005  -12.510201902402983     
   1.5373752823233389E-005   12.510257422145779     
   1.5373752823233389E-005  -12.510257422145779     
  -7.4605589390319693E-005   12.199823553581178     
  -7.4605589390319693E-005  -12.199823553581178     
  -3.2173703149260824E-003   12.563024615179046     
  -3.2173703149260824E-003  -12.563024615179046     
   6.5351361507870465E-006   12.549797233135953     
   6.5351361507870465E-006  -12.549797233135953     
  -1.8967548201853646E-005   12.549796153003500     
  -1.8967548201853646E-005  -12.549796153003500     
   8.8028554912078505E-007   12.565859482270557     
   8.8028554912078505E-007  -12.565859482270557     
   1.1640918334165917E-005   12.562271409234214     
   1.1640918334165917E-005  -12.562271409234214     
  -2.2267245078921860E-006   12.562301207679763     
  -2.2267245078921860E-006  -12.562301207679763     
  -2.7844475138927294E-006   12.565359462591013     
  -2.7844475138927294E-006  -12.565359462591013     
   1.1712785285000749E-006   12.565356502255772     
   1.1712785285000749E-006  -12.565356502255772     
  -6.7216414960986626E-003   11.331880458563781     
  -6.7216414960986626E-003  -11.331880458563781     
   3.7251413236341513E-002   11.270862971455450     
   3.7251413236341513E-002  -11.270862971455450     
  -4.5555597251506708E-002   11.266486277502814     
  -4.5555597251506708E-002  -11.266486277502814     
   2.0541865158194561E-003   11.308552404094701     
   2.0541865158194561E-003  -11.308552404094701     
  -7.8400662620714545E-004   11.254099408789591     
  -7.8400662620714545E-004  -11.254099408789591     
   1.7137213022611064E-003   11.213766523797339     
   1.7137213022611064E-003  -11.213766523797339     
   6.8142325830478079E-003   10.962809840022292     
   6.8142325830478079E-003  -10.962809840022292     
  -3.5342185405959903E-003   11.216594100579126     
  -3.5342185405959903E-003  -11.216594100579126     
  -4.5284356330097530E-003   10.851591508286260     
  -4.5284356330097530E-003  -10.851591508286260     
   2.9114047933724407E-002   10.727439893412708     
   2.9114047933724407E-002  -10.727439893412708     
   6.0001731355332433E-002   10.664279264390759     
   6.0001731355332433E-002  -10.664279264390759     
  -6.2730919373118255E-002   10.658640372050487     
  -6.2730919373118255E-002  -10.658640372050487     
  -3.2875284945568239E-002   10.626523771283406     
  -3.2875284945568239E-002  -10.626523771283406     
  -4.3527170814907201E-002   10.504800943624094     
  -4.3527170814907201E-002  -10.504800943624094     
   4.0852380349172934E-002   10.502650730399978     
   4.0852380349172934E-002  -10.502650730399978     
  -8.2435627201116191E-004   10.352533668058609     
  -8.2435627201116191E-004  -10.352533668058609     
   3.8539415159295487E-003   10.343406337402714     
   3.8539415159295487E-003  -10.343406337402714     
  -1.5368783293856034E-002   10.161919617260294     
  -1.5368783293856034E-002  -10.161919617260294     
   9.2246122636305827E-003   10.144466236557516     
   9.2246122636305827E-003  -10.144466236557516     
   3.3127650172451006E-002   9.8533436206930425     
   3.3127650172451006E-002  -9.8533436206930425     
  -4.2435244137121853E-002   9.4231219971517906     
  -4.2435244137121853E-002  -9.4231219971517906     
   1.4824758450210584E-002   9.4414633770578114     
   1.4824758450210584E-002  -9.4414633770578114     
   2.5609179118956993E-002   9.7855688081713446     
   2.5609179118956993E-002  -9.7855688081713446     
   5.2888199820556592E-003   9.6376217536506505     
   5.2888199820556592E-003  -9.6376217536506505     
  -1.3136188733406884E-002   9.5993657360798785     
  -1.3136188733406884E-002  -9.5993657360798785     
  -1.3060521137557846E-002   9.4870162719891660     
  -1.3060521137557846E-002  -9.4870162719891660     
   7.7160865668228773E-003   9.4821908371900161     
   7.7160865668228773E-003  -9.4821908371900161     
  -2.5846192270349899E-002   9.8115946932945963     
  -2.5846192270349899E-002  -9.8115946932945963     
  -4.8971895963579870E-002   9.8124911916905972     
  -4.8971895963579870E-002  -9.8124911916905972     
   4.8821211134385534E-003   9.0423596382296569     
   4.8821211134385534E-003  -9.0423596382296569     
  -6.0941819834610667E-003   9.1219462655030981     
  -6.0941819834610667E-003  -9.1219462655030981     
  -5.8035173389909683E-003   9.2222349885372896     
  -5.8035173389909683E-003  -9.2222349885372896     
  -1.0779013822501682E-002   9.3873632252089259     
  -1.0779013822501682E-002  -9.3873632252089259     
   7.4700913865655583E-002   9.3910405135914736     
   7.4700913865655583E-002  -9.3910405135914736     
  -4.7168119811863418E-003   9.2067022093936952     
  -4.7168119811863418E-003  -9.2067022093936952     
   2.4619046309939385E-003   8.8845112388129248     
   2.4619046309939385E-003  -8.8845112388129248     
   1.9828305614906228E-003   8.8246828206337184     
   1.9828305614906228E-003  -8.8246828206337184     
  -2.5614918269061926E-002   8.5361315284822847     
  -2.5614918269061926E-002  -8.5361315284822847     
   1.8407190663069645E-002   8.5379636495408029     
   1.8407190663069645E-002  -8.5379636495408029     
  -3.4667313612064099E-002   8.3467208139546720     
  -3.4667313612064099E-002  -8.3467208139546720     
   4.5239593248775911E-003   8.4105729709803949     
   4.5239593248775911E-003  -8.4105729709803949     
   1.9889930270432066E-002   8.4338215326918231     
   1.9889930270432066E-002  -8.4338215326918231     
   1.8674873298043071E-002   8.3344247055748326     
   1.8674873298043071E-002  -8.3344247055748326     
  -1.3563221714499862E-003   7.8605832121774197     
  -1.3563221714499862E-003  -7.8605832121774197     
  -5.4467767507215825E-004   7.8525558218057521     
  -5.4467767507215825E-004  -7.8525558218057521     
   8.4191476523403627E-002   7.5631221337821559     
   8.4191476523403627E-002  -7.5631221337821559     
  -8.8054123156947384E-002   7.5602069485398937     
  -8.8054123156947384E-002  -7.5602069485398937     
   8.4957589408798384E-002   7.3133974927414611     
   8.4957589408798384E-002  -7.3133974927414611     
   9.4297354320699300E-003   7.3053217517333593     
   9.4297354320699300E-003  -7.3053217517333593     
  -1.7289402990429581E-002   7.2916626350958476     
  -1.7289402990429581E-002  -7.2916626350958476     
  -5.8113871838536557E-002   7.2776041168133458     
  -5.8113871838536557E-002  -7.2776041168133458     
  -1.5023040475039773E-002   7.1655135063615125     
  -1.5023040475039773E-002  -7.1655135063615125     
   1.1277758871766075E-003   7.1577405019270559     
   1.1277758871766075E-003  -7.1577405019270559     
   3.3775024718556368E-002   6.9028613941597445     
   3.3775024718556368E-002  -6.9028613941597445     
   3.9403251535983674E-002   6.8581228849154723     
   3.9403251535983674E-002  -6.8581228849154723     
  -3.7762820950141940E-002   6.8804828835893650     
  -3.7762820950141940E-002  -6.8804828835893650     
  -1.0812331527540131E-002   6.8160363733148239     
  -1.0812331527540131E-002  -6.8160363733148239     
  -5.9831306283721908E-002   6.6978682110084993     
  -5.9831306283721908E-002  -6.6978682110084993     
   4.4785079249078930E-002   6.6957459925691705     
   4.4785079249078930E-002  -6.6957459925691705     
  -2.2732106696738974E-003   6.6496656969496968     
  -2.2732106696738974E-003  -6.6496656969496968     
   1.5789240905292767E-002   6.5924461421042970     
   1.5789240905292767E-002  -6.5924461421042970     
  -3.4087181815369405E-002   6.5430541202279313     
  -3.4087181815369405E-002  -6.5430541202279313     
  -3.6459202584622208E-002   6.4713796481497301     
  -3.6459202584622208E-002  -6.4713796481497301     
   9.0918127698407097E-003   6.4012566577441872     
   9.0918127698407097E-003  -6.4012566577441872     
   5.7046294612625614E-002   5.3997910309502313     
   5.7046294612625614E-002  -5.3997910309502313     
  -6.5389327145922493E-002   5.4529746041406142     
  -6.5389327145922493E-002  -5.4529746041406142     
   4.1738373016797836E-002   5.4300624701258293     
   4.1738373016797836E-002  -5.4300624701258293     
  -5.3494478953090563E-003   5.4479334469512901     
  -5.3494478953090563E-003  -5.4479334469512901     
  -4.8233353002116841E-002   5.4768137804295236     
  -4.8233353002116841E-002  -5.4768137804295236     
   3.2438898206837874E-002   5.4719936036689898     
   3.2438898206837874E-002  -5.4719936036689898     
   2.1783414804945611E-002   6.3518621776563373     
   2.1783414804945611E-002  -6.3518621776563373     
   8.7063489674132910E-005   5.6690845535504684     
   8.7063489674132910E-005  -5.6690845535504684     
  -6.0993487798466361E-004   5.6729682781106110     
  -6.0993487798466361E-004  -5.6729682781106110     
   2.3787273945904297E-002   5.7920495123401734     
   2.3787273945904297E-002  -5.7920495123401734     
  -6.7599451397531318E-002   5.8471835003681774     
  -6.7599451397531318E-002  -5.8471835003681774     
   9.8330561327908406E-004   6.3531357653365292     
   9.8330561327908406E-004  -6.3531357653365292     
   5.9531147391858052E-002   5.8541766948547442     
   5.9531147391858052E-002  -5.8541766948547442     
  -6.9877749219114937E-003   5.8915680583146575     
  -6.9877749219114937E-003  -5.8915680583146575     
   1.6339897191069763E-002   6.0223992588302808     
   1.6339897191069763E-002  -6.0223992588302808     
  -2.7575463499602826E-003   5.9587929678922631     
  -2.7575463499602826E-003  -5.9587929678922631     
   9.0153514543445112E-004   5.9584145528735819     
   9.0153514543445112E-004  -5.9584145528735819     
  -1.1669914331868814E-003   6.0128905922101952     
  -1.1669914331868814E-003  -6.0128905922101952     
  -1.5313046566624022E-002   6.1087129315731135     
  -1.5313046566624022E-002  -6.1087129315731135     
  -8.2418901075165252E-004   6.1347669046746178     
  -8.2418901075165252E-004  -6.1347669046746178     
  -4.2224150975211927E-005   6.1328935694679689     
  -4.2224150975211927E-005  -6.1328935694679689     
   2.9306240843609832E-003   6.3042250685178729     
   2.9306240843609832E-003  -6.3042250685178729     
   1.5467179567352218E-005   6.2250056735202151     
   1.5467179567352218E-005  -6.2250056735202151     
  -4.1978578381396403E-005   6.2249955271852846     
  -4.1978578381396403E-005  -6.2249955271852846     
   4.3747788794068487E-006   6.2653585434778174     
   4.3747788794068487E-006  -6.2653585434778174     
   1.7113867381235437E-005   6.2653855855336342     
   1.7113867381235437E-005  -6.2653855855336342     
  -1.1591733128257786E-005   6.2792907299992402     
  -1.1591733128257786E-005  -6.2792907299992402     
  -1.8132982249063900E-007   6.2792928748078847     
  -1.8132982249063900E-007  -6.2792928748078847     
  -5.5105938767674445E-007   6.2826724061525461     
  -5.5105938767674445E-007  -6.2826724061525461     
   2.9506137355639339E-007   6.2826743504989331     
   2.9506137355639339E-007  -6.2826743504989331     
   1.6308574490864203E-009   6.2831811990332449     
   1.6308574490864203E-009  -6.2831811990332449     
   3.8906719623810204E-008   6.2831515099312254     
   3.8906719623810204E-008  -6.2831515099312254     
  -2.2100518304313255E-008   6.2831515494134234     
  -2.2100518304313255E-008  -6.2831515494134234     
   2.1902994442927648E-002   5.2157929304602062     
   2.1902994442927648E-002  -5.2157929304602062     
  -3.5929259509558137E-002   5.2785761633448889     
  -3.5929259509558137E-002  -5.2785761633448889     
   4.4785585543061224E-004   5.2428324080614788     
   4.4785585543061224E-004  -5.2428324080614788     
   2.7974281429572478E-003   5.2584992269557977     
   2.7974281429572478E-003  -5.2584992269557977     
   1.5835053795811183E-002   5.3039004868225375     
   1.5835053795811183E-002  -5.3039004868225375     
  -1.9419375667950156E-002   5.3417317251556069     
  -1.9419375667950156E-002  -5.3417317251556069     
  -6.2927991189515781E-002   4.7902319928113828     
  -6.2927991189515781E-002  -4.7902319928113828     
   5.2217120520018645E-003   4.6913860137829690     
   5.2217120520018645E-003  -4.6913860137829690     
  -6.8722556835056903E-003   4.7120385258687785     
  -6.8722556835056903E-003  -4.7120385258687785     
   3.9816970308123811E-002   4.7393277742826179     
   3.9816970308123811E-002  -4.7393277742826179     
  -2.8685206011171527E-002   4.8496401684159496     
  -2.8685206011171527E-002  -4.8496401684159496     
   2.9609611990431661E-002   4.8440200959400253     
   2.9609611990431661E-002  -4.8440200959400253     
   1.3144789263307026E-002   4.7846284016234435     
   1.3144789263307026E-002  -4.7846284016234435     
  -2.9635014745395816E-003   4.8248220807911384     
  -2.9635014745395816E-003  -4.8248220807911384     
  -3.8462508271294493E-002   4.3329598985584497     
  -3.8462508271294493E-002  -4.3329598985584497     
   5.1729744807057498E-002   4.3455771251876767     
   5.1729744807057498E-002  -4.3455771251876767     
   4.1074615291269989E-003   4.5688740975189415     
   4.1074615291269989E-003  -4.5688740975189415     
  -2.0287491094150512E-002   4.6208336228987639     
  -2.0287491094150512E-002  -4.6208336228987639     
  -8.1725931117916095E-003   4.3869296187380415     
  -8.1725931117916095E-003  -4.3869296187380415     
   1.8824979254867050E-002   4.4157263578519803     
   1.8824979254867050E-002  -4.4157263578519803     
  -3.1906347560351572E-002   4.1879414087727902     
  -3.1906347560351572E-002  -4.1879414087727902     
   4.1987278336702683E-002   4.1330770723776862     
   4.1987278336702683E-002  -4.1330770723776862     
   5.0950219466094904E-003   3.9942452828977140     
   5.0950219466094904E-003  -3.9942452828977140     
   2.5181179916487384E-002   3.9850438147246194     
   2.5181179916487384E-002  -3.9850438147246194     
  -6.8797188444833068E-002   3.9436542196534226     
  -6.8797188444833068E-002  -3.9436542196534226     
  -2.3696783958755074E-002   3.9537592794784153     
  -2.3696783958755074E-002  -3.9537592794784153     
 -0.11668107955871765        3.7734025417989128     
 -0.11668107955871765       -3.7734025417989128     
   4.6237921652246383E-002   3.9079972865441919     
   4.6237921652246383E-002  -3.9079972865441919     
  -6.6714141419462636E-002   3.8625551987188405     
  -6.6714141419462636E-002  -3.8625551987188405     
   9.1835044052096526E-002   3.7573729609580835     
   9.1835044052096526E-002  -3.7573729609580835     
   8.2987163685034337E-003   3.9051057949827332     
   8.2987163685034337E-003  -3.9051057949827332     
  -2.8616428781958969E-002   3.6521047531208546     
  -2.8616428781958969E-002  -3.6521047531208546     
   4.6697073860439642E-002   3.8011044123437019     
   4.6697073860439642E-002  -3.8011044123437019     
   3.9009320227309296E-002   3.7329869797018729     
   3.9009320227309296E-002  -3.7329869797018729     
  -7.7805713820739975E-003   3.7733367190784826     
  -7.7805713820739975E-003  -3.7733367190784826     
   1.5993833221391585E-003   3.5894289889015143     
   1.5993833221391585E-003  -3.5894289889015143     
   5.4330856342996878E-002   3.5400165103448238     
   5.4330856342996878E-002  -3.5400165103448238     
  -3.0214022509944538E-004   3.5392284848874618     
  -3.0214022509944538E-004  -3.5392284848874618     
  -1.6938010161140382E-002   3.4434125749246332     
  -1.6938010161140382E-002  -3.4434125749246332     
  -2.9228990716195107E-002   3.3942532645388699     
  -2.9228990716195107E-002  -3.3942532645388699     
   6.2085700261895527E-002   3.3611324227363388     
   6.2085700261895527E-002  -3.3611324227363388     
  -2.0933008628344074E-002   3.3274189999840376     
  -2.0933008628344074E-002  -3.3274189999840376     
   5.4233016369069909E-003   3.2402512835981878     
   5.4233016369069909E-003  -3.2402512835981878     
   3.4860139291541525E-003   3.2133963318161789     
   3.4860139291541525E-003  -3.2133963318161789     
  -1.2946892303827284E-002   3.0367050664300943     
  -1.2946892303827284E-002  -3.0367050664300943     
   6.5533524507049412E-002   2.9809883068395471     
   6.5533524507049412E-002  -2.9809883068395471     
  -4.7047624524260367E-002   2.9761575751137461     
  -4.7047624524260367E-002  -2.9761575751137461     
  -1.9796203430289622E-002   2.9770605963994594     
  -1.9796203430289622E-002  -2.9770605963994594     
   1.8703899443155092E-002   2.9149361326987733     
   1.8703899443155092E-002  -2.9149361326987733     
   8.1073698403504313E-003   2.8524174953971806     
   8.1073698403504313E-003  -2.8524174953971806     
  -1.6064593995219867E-002   2.7960737027243443     
  -1.6064593995219867E-002  -2.7960737027243443     
   3.6764200827998694E-002   2.7321567723312508     
   3.6764200827998694E-002  -2.7321567723312508     
  -8.5954239740703639E-003   2.4832982700246884     
  -8.5954239740703639E-003  -2.4832982700246884     
  -4.1248538938889412E-002   2.4661182338554282     
  -4.1248538938889412E-002  -2.4661182338554282     
  -1.8522549646875612        0.0000000000000000     
   1.9351946226851731        0.0000000000000000     
   1.8933038076321405        0.0000000000000000     
  -1.7987689793410298        0.0000000000000000     
  0.11227023157678973        2.4031597766643276     
  0.11227023157678973       -2.4031597766643276     
  -9.5809468485094973E-002   2.4042693359663985     
  -9.5809468485094973E-002  -2.4042693359663985     
   1.5743048937138515E-002   2.4089848068462927     
   1.5743048937138515E-002  -2.4089848068462927     
   2.9284296020886114E-002   2.3739019098867131     
   2.9284296020886114E-002  -2.3739019098867131     
   1.8022941784499762        0.0000000000000000     
  -1.6890262557503224        0.0000000000000000     
 -0.10677563408341584        2.3227124242734503     
 -0.10677563408341584       -2.3227124242734503     
   2.6244663653181649E-002   2.3300512065010013     
   2.6244663653181649E-002  -2.3300512065010013     
  -1.6502691734452972        1.4199159507666938E-003
  -1.6502691734452972       -1.4199159507666938E-003
  -1.6356944193670631        0.0000000000000000     
  -5.5580183502819513E-002   2.2944720205215954     
  -5.5580183502819513E-002  -2.2944720205215954     
   1.7378888273164963        0.0000000000000000     
  0.10150829214385737        2.2330061856851535     
  0.10150829214385737       -2.2330061856851535     
   3.5255316806184878E-002   2.2020533726392504     
   3.5255316806184878E-002  -2.2020533726392504     
  -5.7111215912254321E-002   2.1968969750411720     
  -5.7111215912254321E-002  -2.1968969750411720     
   1.6764008503544920        0.0000000000000000     
  -1.5398975598605884        0.0000000000000000     
   1.6577847136435837        0.0000000000000000     
   8.0835495539526001E-002   2.1300838019056880     
   8.0835495539526001E-002  -2.1300838019056880     
  -3.7486438384556370E-002   2.1432763301041247     
  -3.7486438384556370E-002  -2.1432763301041247     
   1.6173403550777714        0.0000000000000000     
  -6.5740028909753390E-002   2.0908794761798069     
  -6.5740028909753390E-002  -2.0908794761798069     
   6.2949975522382073E-002   2.0641356947235252     
   6.2949975522382073E-002  -2.0641356947235252     
   1.5917999033231758        0.0000000000000000     
  0.10769417991296706        1.9813337218214335     
  0.10769417991296706       -1.9813337218214335     
  0.15804274956907233        1.9258325299131966     
  0.15804274956907233       -1.9258325299131966     
   6.1251071828065384E-002   1.9964400385864820     
   6.1251071828065384E-002  -1.9964400385864820     
  -1.4319408972691072E-002   2.0232651455956217     
  -1.4319408972691072E-002  -2.0232651455956217     
   1.5645876198897537        1.2831961494225838E-002
   1.5645876198897537       -1.2831961494225838E-002
  -7.8838662598279860E-002   1.9830669122527427     
  -7.8838662598279860E-002  -1.9830669122527427     
  -1.7311754683090722E-002   1.9738542251416997     
  -1.7311754683090722E-002  -1.9738542251416997     
  -7.5154365954505753E-002   1.9426547205732263     
  -7.5154365954505753E-002  -1.9426547205732263     
 -0.15013355442944759        1.8965184909894666     
 -0.15013355442944759       -1.8965184909894666     
   1.5330622267023146        0.0000000000000000     
   5.5672613625589173E-003   1.9207227724708151     
   5.5672613625589173E-003  -1.9207227724708151     
  -6.0840777108786596E-002   1.8537080821255656     
  -6.0840777108786596E-002  -1.8537080821255656     
 -0.14041001314282248        1.7801315993819373     
 -0.14041001314282248       -1.7801315993819373     
   2.8591345221718967E-002   1.8194544481164332     
   2.8591345221718967E-002  -1.8194544481164332     
  -3.1849160661636677E-002   1.8297256193810834     
  -3.1849160661636677E-002  -1.8297256193810834     
   6.7685687003792183E-002   1.7863121521931538     
   6.7685687003792183E-002  -1.7863121521931538     
  -1.4619939679558169        0.0000000000000000     
   6.1978997050431195E-002   1.7110714929153017     
   6.1978997050431195E-002  -1.7110714929153017     
  -7.9805240266795474E-002   1.5727562200397955     
  -7.9805240266795474E-002  -1.5727562200397955     
   8.1943820903462306E-003   1.6603648574366625     
   8.1943820903462306E-003  -1.6603648574366625     
  -1.5593860329144560E-002   1.6193494287145704     
  -1.5593860329144560E-002  -1.6193494287145704     
   9.4074965387182935E-002   1.5549960177771647     
   9.4074965387182935E-002  -1.5549960177771647     
   6.6090575773680854E-002   1.5615373867226596     
   6.6090575773680854E-002  -1.5615373867226596     
   3.3724263792929823E-002   1.5032896441716517     
   3.3724263792929823E-002  -1.5032896441716517     
  -7.4746015866299392E-002   1.4666443726770753     
  -7.4746015866299392E-002  -1.4666443726770753     
  -2.0626254428401557E-002   1.4795320110102197     
  -2.0626254428401557E-002  -1.4795320110102197     
   1.4677795053049003        0.0000000000000000     
  -1.4414350442422434        3.3677804979141850E-002
  -1.4414350442422434       -3.3677804979141850E-002
   1.4520904655334719        0.0000000000000000     
  0.11772971398168261        1.1786002478237783     
  0.11772971398168261       -1.1786002478237783     
  -5.1607095382391124E-003   1.1785170525316302     
  -5.1607095382391124E-003  -1.1785170525316302     
 -0.16981008481804188       0.98028124358775437     
 -0.16981008481804188      -0.98028124358775437     
   8.0894239857233208E-002   1.1176601388545842     
   8.0894239857233208E-002  -1.1176601388545842     
   1.4218518713746411        0.0000000000000000     
  -5.0103662874667526E-002   1.0258192190964517     
  -5.0103662874667526E-002  -1.0258192190964517     
   1.4130545178078353        0.0000000000000000     
   4.0295772748873360E-002   1.0143321030300703     
   4.0295772748873360E-002  -1.0143321030300703     
   1.4084625687524885        0.0000000000000000     
  -1.4050632621547514        2.3503265709580438E-002
  -1.4050632621547514       -2.3503265709580438E-002
   1.3902076300830690        0.0000000000000000     
  -1.3920562365827023        0.0000000000000000     
   1.3687068225871550        0.0000000000000000     
   1.3647192479243337        0.0000000000000000     
  -1.3841374843307357        0.0000000000000000     
  -1.3629163408415286        0.0000000000000000     
   1.3362195018292655        0.0000000000000000     
   1.3147149450077640        3.6076819430659990E-002
   1.3147149450077640       -3.6076819430659990E-002
   1.3164302966040637        0.0000000000000000     
  -1.3337238065858594        1.4728045357776441E-002
  -1.3337238065858594       -1.4728045357776441E-002
   1.2739949552842333        5.4825215788842530E-002
   1.2739949552842333       -5.4825215788842530E-002
   1.2720702644395823        0.0000000000000000     
  -1.3065294138844303        0.0000000000000000     
  -1.2903843361130518        0.0000000000000000     
  -1.2524988183109671        5.6979534941776530E-002
  -1.2524988183109671       -5.6979534941776530E-002
   1.2395859891866494        5.8339821205250011E-002
   1.2395859891866494       -5.8339821205250011E-002
   1.2320623356128677        0.0000000000000000     
  -1.2548104181639101        4.1288871351802203E-002
  -1.2548104181639101       -4.1288871351802203E-002
  -1.2612346002479227        0.0000000000000000     
  -1.2202480278200905        4.9254005782921835E-002
  -1.2202480278200905       -4.9254005782921835E-002
  -1.2380951894419772        1.2764609189852442E-002
  -1.2380951894419772       -1.2764609189852442E-002
  -6.3429739610621566E-002   1.1827513153339739     
  -6.3429739610621566E-002  -1.1827513153339739     
  -8.4190971735536024E-002   1.0818578949024178     
  -8.4190971735536024E-002  -1.0818578949024178     
   6.7838244379611667E-002   1.0689565221453956     
   6.7838244379611667E-002  -1.0689565221453956     
 -0.12282991972644253        1.0231564430513236     
 -0.12282991972644253       -1.0231564430513236     
  0.13346770781785880       0.99056491643547373     
  0.13346770781785880      -0.99056491643547373     
  -1.2100447638567324       0.11793252149160600     
  -1.2100447638567324      -0.11793252149160600     
  -1.2083002607438975        1.5889392560408746E-002
  -1.2083002607438975       -1.5889392560408746E-002
  -1.1465213729417103        8.9509649658890786E-002
  -1.1465213729417103       -8.9509649658890786E-002
  -1.1686758256066325        0.0000000000000000     
  -1.1512321425097556        0.0000000000000000     
  -1.1424337377379283        0.0000000000000000     
   1.2199416707339894        0.0000000000000000     
   1.1981994453168816        4.6559449785432250E-002
   1.1981994453168816       -4.6559449785432250E-002
  -1.1041835028358840        6.0433760911499185E-002
  -1.1041835028358840       -6.0433760911499185E-002
   1.1843156750511818        1.9197826328532841E-002
   1.1843156750511818       -1.9197826328532841E-002
   1.1839153100101671        0.0000000000000000     
  -1.0829173224317485        5.9470922408494130E-002
  -1.0829173224317485       -5.9470922408494130E-002
   1.1639148630733720        5.7693946264630550E-002
   1.1639148630733720       -5.7693946264630550E-002
   1.1295062955197386        9.3329712641737742E-002
   1.1295062955197386       -9.3329712641737742E-002
  -1.0988488929260716        1.3262572617420462E-002
  -1.0988488929260716       -1.3262572617420462E-002
   1.1550175763614097        4.7601039073145265E-002
   1.1550175763614097       -4.7601039073145265E-002
  -1.0590428710958819        8.3164841593780375E-002
  -1.0590428710958819       -8.3164841593780375E-002
   1.1374081040547763        0.0000000000000000     
  -1.0746130151834528        0.0000000000000000     
   1.0858347443221001        7.2392520783024703E-002
   1.0858347443221001       -7.2392520783024703E-002
   1.1071155738787144        4.7441021299111659E-002
   1.1071155738787144       -4.7441021299111659E-002
   1.0920196003705331        1.9436446206617115E-002
   1.0920196003705331       -1.9436446206617115E-002
   1.0511486731371833        7.1146757218729401E-002
   1.0511486731371833       -7.1146757218729401E-002
   1.0611454479986451        5.4517928096763750E-003
   1.0611454479986451       -5.4517928096763750E-003
  0.11901753738079507       0.94731884544216094     
  0.11901753738079507      -0.94731884544216094     
  0.17156633683314276       0.90825660319807944     
  0.17156633683314276      -0.90825660319807944     
 -0.19773177924000052       0.89609617793157903     
 -0.19773177924000052      -0.89609617793157903     
 -0.10714852483027049       0.91378675805734688     
 -0.10714852483027049      -0.91378675805734688     
   3.8585611512720358E-002  0.90743144077560867     
   3.8585611512720358E-002 -0.90743144077560867     
  -9.5621114843305849E-002  0.81919672789187625     
  -9.5621114843305849E-002 -0.81919672789187625     
  -1.0067608360675675       0.15187174263226083     
  -1.0067608360675675      -0.15187174263226083     
  -1.0643392471956505        0.0000000000000000     
  -1.0307210224904784        1.4369909708877080E-002
  -1.0307210224904784       -1.4369909708877080E-002
 -0.94509590258368292       0.12762954998734513     
 -0.94509590258368292      -0.12762954998734513     
   1.0108793067890314        8.3142544833904097E-002
   1.0108793067890314       -8.3142544833904097E-002
   1.0491339561482078        0.0000000000000000     
   1.0303181437896294        4.2008943093713967E-002
   1.0303181437896294       -4.2008943093713967E-002
 -0.99732875908654006        4.2640080981673337E-002
 -0.99732875908654006       -4.2640080981673337E-002
 -0.98691581662310457        4.7146902302547720E-002
 -0.98691581662310457       -4.7146902302547720E-002
   1.0033251862541657        2.0680451015724806E-002
   1.0033251862541657       -2.0680451015724806E-002
 -0.99621122855860789        0.0000000000000000     
  0.97958696990880734        5.5693280198735200E-002
  0.97958696990880734       -5.5693280198735200E-002
  0.95792244527504056        8.3245870497597699E-002
  0.95792244527504056       -8.3245870497597699E-002
 -0.97566756152919643        0.0000000000000000     
  0.92742548181537598       0.10198394377089841     
  0.92742548181537598      -0.10198394377089841     
 -0.92182797475737432        8.7733878901052886E-002
 -0.92182797475737432       -8.7733878901052886E-002
  0.92217687711675134        5.3296153739574130E-002
  0.92217687711675134       -5.3296153739574130E-002
  0.96426590849145555        0.0000000000000000     
 -0.93012361091275975        4.0724281365181268E-002
 -0.93012361091275975       -4.0724281365181268E-002
 -0.94073980772494514        0.0000000000000000     
   7.5560916752131585E-002  0.78099680422058537     
   7.5560916752131585E-002 -0.78099680422058537     
   1.5364783259422995E-002  0.78313289981280765     
   1.5364783259422995E-002 -0.78313289981280765     
  0.15793799000446335       0.74350893568403309     
  0.15793799000446335      -0.74350893568403309     
 -0.12126474143789240       0.70275736010575329     
 -0.12126474143789240      -0.70275736010575329     
  0.83349428518126512       0.19429354838653343     
  0.83349428518126512      -0.19429354838653343     
  0.88090982190436740       0.14284514175435251     
  0.88090982190436740      -0.14284514175435251     
  0.79111458224993914       0.16995518484398195     
  0.79111458224993914      -0.16995518484398195     
  0.93254533218276814        5.8189470255412476E-003
  0.93254533218276814       -5.8189470255412476E-003
  0.89922014844485010        5.9420279412448408E-002
  0.89922014844485010       -5.9420279412448408E-002
  0.90473547322665404        2.2713570408792200E-002
  0.90473547322665404       -2.2713570408792200E-002
  0.86101735586277739        8.9683350417616090E-002
  0.86101735586277739       -8.9683350417616090E-002
  0.87060688881933701        6.8462991019437883E-002
  0.87060688881933701       -6.8462991019437883E-002
 -0.89017967196630687       0.13026071485902840     
 -0.89017967196630687      -0.13026071485902840     
 -0.84145749595643871       0.14206578139995771     
 -0.84145749595643871      -0.14206578139995771     
 -0.80108163769672158       0.17017433444253069     
 -0.80108163769672158      -0.17017433444253069     
 -0.87929456788006721        9.1437293809927364E-002
 -0.87929456788006721       -9.1437293809927364E-002
 -0.90624131218085346        2.0810316453835406E-002
 -0.90624131218085346       -2.0810316453835406E-002
 -0.88755729423233953        7.3475602714482155E-002
 -0.88755729423233953       -7.3475602714482155E-002
  0.86908897217299075        0.0000000000000000     
 -0.87830304901878720        0.0000000000000000     
  0.82886838893451609        9.4570266139402906E-002
  0.82886838893451609       -9.4570266139402906E-002
 -0.80283029581365639       0.12737267570982755     
 -0.80283029581365639      -0.12737267570982755     
 -0.85999653166025114        2.2230441086917022E-002
 -0.85999653166025114       -2.2230441086917022E-002
 -0.82635094854926627        8.0174937004690666E-002
 -0.82635094854926627       -8.0174937004690666E-002
 -0.83216179846194360        1.9854792958413373E-002
 -0.83216179846194360       -1.9854792958413373E-002
 -0.10833894696488659       0.62483147466202249     
 -0.10833894696488659      -0.62483147466202249     
   1.1849072067949124E-002  0.62230018552853461     
   1.1849072067949124E-002 -0.62230018552853461     
  0.23845680431524527       0.55817793358878165     
  0.23845680431524527      -0.55817793358878165     
  0.26418507114829048       0.52556190979934858     
  0.26418507114829048      -0.52556190979934858     
  0.16439534906457462       0.54247179018110447     
  0.16439534906457462      -0.54247179018110447     
   7.7338309120282611E-002  0.55542127435397126     
   7.7338309120282611E-002 -0.55542127435397126     
 -0.22550357124901704       0.51968701660853989     
 -0.22550357124901704      -0.51968701660853989     
  0.72713278544450055       0.19506018237613040     
  0.72713278544450055      -0.19506018237613040     
  0.79155006852199905       0.14284843276513465     
  0.79155006852199905      -0.14284843276513465     
  0.77415460114420054       0.13739939675105009     
  0.77415460114420054      -0.13739939675105009     
 -0.73247348697870795       0.20379938325139926     
 -0.73247348697870795      -0.20379938325139926     
 -0.69556240105111000       0.21411456115708855     
 -0.69556240105111000      -0.21411456115708855     
 -0.78070697829583180       0.15130121646269251     
 -0.78070697829583180      -0.15130121646269251     
  0.82137992388644776        4.7071314163861573E-002
  0.82137992388644776       -4.7071314163861573E-002
  0.81223773187968162        1.4248881639766977E-002
  0.81223773187968162       -1.4248881639766977E-002
 -0.62616094587152038       0.23507378592467096     
 -0.62616094587152038      -0.23507378592467096     
  0.76644534296653499        9.4959338455654504E-002
  0.76644534296653499       -9.4959338455654504E-002
  0.78989903851240006        0.0000000000000000     
 -0.80287622323091679        3.0241963185907609E-002
 -0.80287622323091679       -3.0241963185907609E-002
 -0.78197021791638199        7.2200934562403854E-002
 -0.78197021791638199       -7.2200934562403854E-002
  0.70798470469700892       0.13655462226376974     
  0.70798470469700892      -0.13655462226376974     
  0.77474705987021997        4.6288154379955884E-002
  0.77474705987021997       -4.6288154379955884E-002
 -0.75845699034033731        9.1119304845041979E-002
 -0.75845699034033731       -9.1119304845041979E-002
 -0.74718754185441028        9.3769196378397937E-002
 -0.74718754185441028       -9.3769196378397937E-002
 -0.75519639501187341        4.0627024200162093E-002
 -0.75519639501187341       -4.0627024200162093E-002
 -0.16921458534714789       0.49874369810637570     
 -0.16921458534714789      -0.49874369810637570     
  -1.7113785543905496E-002  0.52026567916665900     
  -1.7113785543905496E-002 -0.52026567916665900     
  0.33521661007874670       0.41405571378539785     
  0.33521661007874670      -0.41405571378539785     
  0.54233009971544288       0.26855046404877003     
  0.54233009971544288      -0.26855046404877003     
  0.66300893984592713       0.16170248062558501     
  0.66300893984592713      -0.16170248062558501     
  0.70771424727907217       0.11780202390939574     
  0.70771424727907217      -0.11780202390939574     
  0.76505328283618534        0.0000000000000000     
  0.59372253367658478       0.21207500318612629     
  0.59372253367658478      -0.21207500318612629     
 -0.47820469147614297       0.33841866252573677     
 -0.47820469147614297      -0.33841866252573677     
  0.62560076242634288       0.17768900132510268     
  0.62560076242634288      -0.17768900132510268     
   4.2028757541678619E-003  0.49067266708672136     
   4.2028757541678619E-003 -0.49067266708672136     
 -0.60760213411708852       0.20799718024464192     
 -0.60760213411708852      -0.20799718024464192     
 -0.69279818949552419       0.14673476603855548     
 -0.69279818949552419      -0.14673476603855548     
 -0.62302516360571181       0.18347228029621154     
 -0.62302516360571181      -0.18347228029621154     
  0.74377429322474553        5.1529865644129348E-002
  0.74377429322474553       -5.1529865644129348E-002
 -0.74022522842321914        5.9606349959573250E-002
 -0.74022522842321914       -5.9606349959573250E-002
 -0.74932074210186483        2.2487280557997671E-002
 -0.74932074210186483       -2.2487280557997671E-002
  0.42534949289855817       0.32515576102676469     
  0.42534949289855817      -0.32515576102676469     
 -0.67848591866582353       0.10862289068388839     
 -0.67848591866582353      -0.10862289068388839     
  0.72822846404306951        0.0000000000000000     
 -0.74153944217887102        0.0000000000000000     
  0.71337738305834320        4.8348130504179229E-002
  0.71337738305834320       -4.8348130504179229E-002
 -0.71752059063042761        3.1440599531307539E-002
 -0.71752059063042761       -3.1440599531307539E-002
 -0.37150729459664256       0.37277456503101597     
 -0.37150729459664256      -0.37277456503101597     
  0.37333042415497336       0.33286338068622900     
  0.37333042415497336      -0.33286338068622900     
 -0.33543445450904907       0.36240170590318449     
 -0.33543445450904907      -0.36240170590318449     
  0.47478911337743357       0.25595877198673256     
  0.47478911337743357      -0.25595877198673256     
  0.53128757134642468       0.21235922531497101     
  0.53128757134642468      -0.21235922531497101     
  0.66552340173468205        9.8884045787071731E-002
  0.66552340173468205       -9.8884045787071731E-002
 -0.48751790746386925       0.27299224393537602     
 -0.48751790746386925      -0.27299224393537602     
  0.67491110510374608        6.5245721257799205E-002
  0.67491110510374608       -6.5245721257799205E-002
  0.59181976895165600       0.14793192826053864     
  0.59181976895165600      -0.14793192826053864     
  0.68587201365814476        5.6603921701539909E-003
  0.68587201365814476       -5.6603921701539909E-003
 -0.52272134910533152       0.22746477413517194     
 -0.52272134910533152      -0.22746477413517194     
  0.61419679437986674       0.11850019844693729     
  0.61419679437986674      -0.11850019844693729     
 -0.61964776846533176       0.15829533478327368     
 -0.61964776846533176      -0.15829533478327368     
 -0.68465557402169086        8.8186071920838244E-002
 -0.68465557402169086       -8.8186071920838244E-002
 -0.55316008865757949       0.19112825064902064     
 -0.55316008865757949      -0.19112825064902064     
 -0.67963779176786088        4.6609346882167897E-002
 -0.67963779176786088       -4.6609346882167897E-002
 -0.69288728788752119        0.0000000000000000     
 -0.57189579077919750       0.15210737322719500     
 -0.57189579077919750      -0.15210737322719500     
  0.65327744317752479        0.0000000000000000     
  0.64992470540118052        5.3303768708082663E-002
  0.64992470540118052       -5.3303768708082663E-002
 -0.61761557907597497       0.10705625757746461     
 -0.61761557907597497      -0.10705625757746461     
  0.63751015131470945        0.0000000000000000     
 -0.65947241026701264        3.1355621276395698E-002
 -0.65947241026701264       -3.1355621276395698E-002
 -0.60713211050378568        6.7496007166186034E-002
 -0.60713211050378568       -6.7496007166186034E-002
 -0.64969245586326507        0.0000000000000000     
  0.24778675916384263       0.37895882404945064     
  0.24778675916384263      -0.37895882404945064     
 -0.11808519734999401       0.43029650280576570     
 -0.11808519734999401      -0.43029650280576570     
 -0.25963411714870854       0.36772159599898008     
 -0.25963411714870854      -0.36772159599898008     
 -0.44532521313460194       0.26007635422716735     
 -0.44532521313460194      -0.26007635422716735     
  0.60256402365095518        5.2457278513821697E-002
  0.60256402365095518       -5.2457278513821697E-002
 -0.61011528332003440        0.0000000000000000     
 -0.59630984217989624        3.8666002171323717E-002
 -0.59630984217989624       -3.8666002171323717E-002
  0.33718990632962120       0.31253171178757067     
  0.33718990632962120      -0.31253171178757067     
  0.53970045010845746       0.14509533217060430     
  0.53970045010845746      -0.14509533217060430     
  0.52673914506065089       0.14893791790368596     
  0.52673914506065089      -0.14893791790368596     
  0.57833554682729582        8.2991827224805192E-002
  0.57833554682729582       -8.2991827224805192E-002
  0.46423086258806678       0.19850573661858012     
  0.46423086258806678      -0.19850573661858012     
  0.58727431050843870        1.9844651269337026E-002
  0.58727431050843870       -1.9844651269337026E-002
 -0.19327110585790136       0.33931214150513866     
 -0.19327110585790136      -0.33931214150513866     
 -0.38710366627059434       0.26337978140196172     
 -0.38710366627059434      -0.26337978140196172     
 -0.51129541610568208       0.15495105328170636     
 -0.51129541610568208      -0.15495105328170636     
 -0.58615536379576483        6.3249812625217047E-002
 -0.58615536379576483       -6.3249812625217047E-002
 -0.52488832983292522       0.13371740802355972     
 -0.52488832983292522      -0.13371740802355972     
 -0.54865445271986490        8.8586125673742785E-002
 -0.54865445271986490       -8.8586125673742785E-002
 -0.54966825811588471        8.5397113172410444E-002
 -0.54966825811588471       -8.5397113172410444E-002
   5.4259672264329248E-002  0.37960514197259371     
   5.4259672264329248E-002 -0.37960514197259371     
  0.32076938957431028       0.27789861103661945     
  0.32076938957431028      -0.27789861103661945     
   2.0058523486010289E-002  0.35315874214926196     
   2.0058523486010289E-002 -0.35315874214926196     
  0.37534155282582793       0.23372520023670182     
  0.37534155282582793      -0.23372520023670182     
 -0.24695094764198922       0.33028053850888339     
 -0.24695094764198922      -0.33028053850888339     
  0.48149590989897334       0.14425242420978099     
  0.48149590989897334      -0.14425242420978099     
 -0.34368060208529549       0.27119926687128953     
 -0.34368060208529549      -0.27119926687128953     
  0.55675415268123185        0.0000000000000000     
  0.55096478742741362        4.1709893430035769E-002
  0.55096478742741362       -4.1709893430035769E-002
 -0.47672029638372343       0.17386428278325353     
 -0.47672029638372343      -0.17386428278325353     
 -0.41717923844097954       0.19996605503195211     
 -0.41717923844097954      -0.19996605503195211     
  0.53467972902139249        6.6711732468156856E-002
  0.53467972902139249       -6.6711732468156856E-002
  0.35949603778424755       0.22163763735986453     
  0.35949603778424755      -0.22163763735986453     
 -0.55474571074038825        3.5293266274678957E-002
 -0.55474571074038825       -3.5293266274678957E-002
 -0.50157997952604916       0.10930490257690531     
 -0.50157997952604916      -0.10930490257690531     
   6.1911808494615514E-002  0.33743472476333580     
   6.1911808494615514E-002 -0.33743472476333580     
  0.16788968027194764       0.30763871531866505     
  0.16788968027194764      -0.30763871531866505     
  0.40521293371515821       0.19222993846940475     
  0.40521293371515821      -0.19222993846940475     
  -7.9834275614834943E-002  0.31992338619750410     
  -7.9834275614834943E-002 -0.31992338619750410     
  0.39963654964466139       0.17824373710395935     
  0.39963654964466139      -0.17824373710395935     
  0.52307617413742613        0.0000000000000000     
  0.47662763060320840       0.12085224297674152     
  0.47662763060320840      -0.12085224297674152     
 -0.42719148115722150       0.17963038198170250     
 -0.42719148115722150      -0.17963038198170250     
  0.47969048095318056       0.10369719308145559     
  0.47969048095318056      -0.10369719308145559     
 -0.43948504043500330       0.15141982322298406     
 -0.43948504043500330      -0.15141982322298406     
  0.11492977697304788       0.31338857672174802     
  0.11492977697304788      -0.31338857672174802     
 -0.53545722695911890        3.7121849563423501E-002
 -0.53545722695911890       -3.7121849563423501E-002
  0.51036502838388953        0.0000000000000000     
 -0.39104656652630376       0.18181124869592441     
 -0.39104656652630376      -0.18181124869592441     
  0.48074108185613251        8.0286363765296506E-002
  0.48074108185613251       -8.0286363765296506E-002
  0.26472553504779051       0.25967758729651136     
  0.26472553504779051      -0.25967758729651136     
 -0.51661646223260937        1.7019516984401909E-002
 -0.51661646223260937       -1.7019516984401909E-002
  -2.0856950663455776E-002  0.30197392396434292     
  -2.0856950663455776E-002 -0.30197392396434292     
 -0.26225575560998626       0.25214675326017316     
 -0.26225575560998626      -0.25214675326017316     
  0.21588657639312445       0.24490166634816637     
  0.21588657639312445      -0.24490166634816637     
 -0.14249706853090627       0.27950386122673820     
 -0.14249706853090627      -0.27950386122673820     
 -0.28159078339848198       0.23155797114174811     
 -0.28159078339848198      -0.23155797114174811     
  -5.0817785382266584E-002  0.27582181860639921     
  -5.0817785382266584E-002 -0.27582181860639921     
 -0.49746750479465562        5.4742332300992562E-002
 -0.49746750479465562       -5.4742332300992562E-002
  -7.5769105799764480E-002  0.25568847031769271     
  -7.5769105799764480E-002 -0.25568847031769271     
 -0.28434964815181002       0.21321686165687792     
 -0.28434964815181002      -0.21321686165687792     
 -0.49952273886176191        0.0000000000000000     
 -0.48091017521190921        6.0730661662564092E-002
 -0.48091017521190921       -6.0730661662564092E-002
 -0.37655999381446270       0.16238131525499458     
 -0.37655999381446270      -0.16238131525499458     
 -0.32409136448105058       0.18329193328143795     
 -0.32409136448105058      -0.18329193328143795     
  0.49366128229091155        0.0000000000000000     
 -0.48605485142837845        0.0000000000000000     
  0.37698984293863846       0.14994460476866123     
  0.37698984293863846      -0.14994460476866123     
  0.29514612601745865       0.18551377031071417     
  0.29514612601745865      -0.18551377031071417     
  0.48344039050724524        0.0000000000000000     
  0.46396537885573785        4.2802996066399354E-002
  0.46396537885573785       -4.2802996066399354E-002
  0.45162312252778947        5.6870718177143641E-002
  0.45162312252778947       -5.6870718177143641E-002
 -0.41412694446458753       0.10448249407040741     
 -0.41412694446458753      -0.10448249407040741     
  0.39875251685514351       0.11006804625144277     
  0.39875251685514351      -0.11006804625144277     
 -0.43792013988730527        7.8032591083649350E-002
 -0.43792013988730527       -7.8032591083649350E-002
 -0.45527381331436584        0.0000000000000000     
  0.45633267625925644        3.2890137263537199E-002
  0.45633267625925644       -3.2890137263537199E-002
  0.40822475860770413        8.8101113651943244E-002
  0.40822475860770413       -8.8101113651943244E-002
 -0.43654546073106482        5.9031974021063166E-002
 -0.43654546073106482       -5.9031974021063166E-002
  0.42748000999819263        0.0000000000000000     
  0.42063610170202304        8.7829288864234595E-003
  0.42063610170202304       -8.7829288864234595E-003
  0.34256612840379125       0.13215038630491438     
  0.34256612840379125      -0.13215038630491438     
 -0.18044963945020870       0.23672570338108823     
 -0.18044963945020870      -0.23672570338108823     
 -0.31769303284702943       0.16448654832218618     
 -0.31769303284702943      -0.16448654832218618     
 -0.42592892033566482        0.0000000000000000     
 -0.37983623947797018       0.10628576158541334     
 -0.37983623947797018      -0.10628576158541334     
 -0.39216677920360210        8.3767039829547293E-002
 -0.39216677920360210       -8.3767039829547293E-002
 -0.42338205473761070        3.3451089018547084E-002
 -0.42338205473761070       -3.3451089018547084E-002
   5.7388418088632431E-002  0.26451510094841901     
   5.7388418088632431E-002 -0.26451510094841901     
  0.25853718042425528       0.18815728522937586     
  0.25853718042425528      -0.18815728522937586     
  0.30608416041832642       0.14567122382111417     
  0.30608416041832642      -0.14567122382111417     
  0.37502391224601622        6.3613941848209801E-002
  0.37502391224601622       -6.3613941848209801E-002
  0.34901829790808336        9.0521625978080514E-002
  0.34901829790808336       -9.0521625978080514E-002
  0.13602728009709891       0.22067258661192901     
  0.13602728009709891      -0.22067258661192901     
 -0.21013174111028171       0.19990490265113137     
 -0.21013174111028171      -0.19990490265113137     
 -0.32651116485492265       0.11575325264023015     
 -0.32651116485492265      -0.11575325264023015     
  0.21865124021533788       0.18937647595779294     
  0.21865124021533788      -0.18937647595779294     
 -0.40977305270120323        0.0000000000000000     
 -0.38387616748776854        0.0000000000000000     
   7.9528820384308890E-002  0.22281248775294185     
   7.9528820384308890E-002 -0.22281248775294185     
  0.36313444089587377        4.2901418544480888E-002
  0.36313444089587377       -4.2901418544480888E-002
  0.28443351069133499       0.13191799406318080     
  0.28443351069133499      -0.13191799406318080     
  0.32245966489587030        9.3438728001733640E-002
  0.32245966489587030       -9.3438728001733640E-002
   4.3561154131071880E-002  0.21500768234554218     
   4.3561154131071880E-002 -0.21500768234554218     
  0.17277234975020273       0.19280773040585117     
  0.17277234975020273      -0.19280773040585117     
 -0.26154708128964210       0.15462492795753177     
 -0.26154708128964210      -0.15462492795753177     
 -0.10497497730373805       0.20384942743845852     
 -0.10497497730373805      -0.20384942743845852     
  0.33738335964488253        4.7924384938064821E-002
  0.33738335964488253       -4.7924384938064821E-002
  0.34928707070967324        1.0437241124633317E-002
  0.34928707070967324       -1.0437241124633317E-002
  0.21604971713698462       0.16461762346161524     
  0.21604971713698462      -0.16461762346161524     
 -0.21752338659613993       0.17069898899298877     
 -0.21752338659613993      -0.17069898899298877     
  0.14342324819764085       0.18364379144046339     
  0.14342324819764085      -0.18364379144046339     
 -0.37196276384026400        0.0000000000000000     
  0.19226328541318988       0.16918221014382290     
  0.19226328541318988      -0.16918221014382290     
 -0.14224876266687805       0.18188985769587387     
 -0.14224876266687805      -0.18188985769587387     
 -0.35683758643782149        3.6137163469283522E-002
 -0.35683758643782149       -3.6137163469283522E-002
 -0.33875363036192535        6.8975801951329546E-002
 -0.33875363036192535       -6.8975801951329546E-002
 -0.17242404003778178       0.15984998640088305     
 -0.17242404003778178      -0.15984998640088305     
  0.32527382268186439        0.0000000000000000     
 -0.30558469361152574        9.0903711139627932E-002
 -0.30558469361152574       -9.0903711139627932E-002
 -0.33562987119674981        2.9994663942561395E-002
 -0.33562987119674981       -2.9994663942561395E-002
  0.30849124882348811        4.5368341706460737E-002
  0.30849124882348811       -4.5368341706460737E-002
  0.23583601364022638       0.11529623472922883     
  0.23583601364022638      -0.11529623472922883     
 -0.28889842461931436        7.7017778297950840E-002
 -0.28889842461931436       -7.7017778297950840E-002
 -0.24978976287930740       0.11174632107565297     
 -0.24978976287930740      -0.11174632107565297     
 -0.27875136214499496        8.2539535320547600E-002
 -0.27875136214499496       -8.2539535320547600E-002
  -3.9215681434636926E-002  0.19116126174862089     
  -3.9215681434636926E-002 -0.19116126174862089     
   3.1764045807033105E-002  0.18795478342284247     
   3.1764045807033105E-002 -0.18795478342284247     
  0.27601548250660013        5.4602674171262237E-002
  0.27601548250660013       -5.4602674171262237E-002
 -0.20130520344949884       0.13037038983664603     
 -0.20130520344949884      -0.13037038983664603     
 -0.22180884842716997       0.10924903587176320     
 -0.22180884842716997      -0.10924903587176320     
 -0.18871249638200338       0.13221636544365861     
 -0.18871249638200338      -0.13221636544365861     
  0.29112225656082236        0.0000000000000000     
  -1.6590788302713148E-003  0.18229961908654641     
  -1.6590788302713148E-003 -0.18229961908654641     
  -7.9996978912780001E-002  0.17408938477677860     
  -7.9996978912780001E-002 -0.17408938477677860     
  0.26376708881662364        4.9798964020943220E-002
  0.26376708881662364       -4.9798964020943220E-002
  0.10516070978694976       0.16065024744640252     
  0.10516070978694976      -0.16065024744640252     
 -0.22189515100698257        9.4039743861378977E-002
 -0.22189515100698257       -9.4039743861378977E-002
 -0.27318241798978704        1.9128983534483390E-002
 -0.27318241798978704       -1.9128983534483390E-002
  0.20768629615690654        9.8607038024221619E-002
  0.20768629615690654       -9.8607038024221619E-002
  0.26632665152184226        0.0000000000000000     
 -0.24241209070642905        3.8106882960956955E-002
 -0.24241209070642905       -3.8106882960956955E-002
  0.24262179295579728        3.7123738109933385E-002
  0.24262179295579728       -3.7123738109933385E-002
 -0.22927142458041036        0.0000000000000000     
 -0.14918485900859366       0.13106938676053634     
 -0.14918485900859366      -0.13106938676053634     
  0.19504696574963304        9.0469672288674613E-002
  0.19504696574963304       -9.0469672288674613E-002
   5.4183551396114082E-002  0.15224402892608502     
   5.4183551396114082E-002 -0.15224402892608502     
  0.12871684582563422       0.12373122493795594     
  0.12871684582563422      -0.12373122493795594     
  0.14082559891778113       0.11284312208453699     
  0.14082559891778113      -0.11284312208453699     
 -0.21699216227493631        3.9934211302431327E-002
 -0.21699216227493631       -3.9934211302431327E-002
  0.17729303398972457        7.4683455376388957E-002
  0.17729303398972457       -7.4683455376388957E-002
  0.21245408447604580        2.2851246622402628E-002
  0.21245408447604580       -2.2851246622402628E-002
  -7.8753739644085663E-002  0.12927222641720185     
  -7.8753739644085663E-002 -0.12927222641720185     
  -3.4575306626990182E-002  0.13648370742634006     
  -3.4575306626990182E-002 -0.13648370742634006     
  -1.0012885943063765E-002  0.13728726077850412     
  -1.0012885943063765E-002 -0.13728726077850412     
 -0.10499350103049146       0.11867483507775893     
 -0.10499350103049146      -0.11867483507775893     
 -0.13761481470916412        9.8301899554688557E-002
 -0.13761481470916412       -9.8301899554688557E-002
   2.0484433614789216E-002  0.12604270611825003     
   2.0484433614789216E-002 -0.12604270611825003     
  0.20062710169294795        0.0000000000000000     
 -0.17438835762585181        7.1247830070078580E-002
 -0.17438835762585181       -7.1247830070078580E-002
   7.2151655613706012E-002  0.10768785140985973     
   7.2151655613706012E-002 -0.10768785140985973     
  0.15509621343630159        6.5171425164876451E-002
  0.15509621343630159       -6.5171425164876451E-002
 -0.18166775044687655        0.0000000000000000     
  0.16473674578401515        4.1791018629972879E-002
  0.16473674578401515       -4.1791018629972879E-002
  0.19296376584555727        0.0000000000000000     
  -1.6017498522969999E-002  0.10634175851847447     
  -1.6017498522969999E-002 -0.10634175851847447     
 -0.15199132875360724        4.7793229935458377E-002
 -0.15199132875360724       -4.7793229935458377E-002
 -0.16634337801617446        3.4436152022066159E-002
 -0.16634337801617446       -3.4436152022066159E-002
  0.15829594244053669        0.0000000000000000     
 -0.16360022304511310        0.0000000000000000     
  -8.2633099190218634E-002  0.10003084029011192     
  -8.2633099190218634E-002 -0.10003084029011192     
  0.11943392385458040        5.0244254046075867E-002
  0.11943392385458040       -5.0244254046075867E-002
 -0.12077037891764095        4.9516769570299102E-002
 -0.12077037891764095       -4.9516769570299102E-002
  0.12339262073523490        1.9689486549257947E-002
  0.12339262073523490       -1.9689486549257947E-002
   2.1768122924831858E-002   9.2115053166805336E-002
   2.1768122924831858E-002  -9.2115053166805336E-002
   4.3110540159739703E-002   7.7222844107625449E-002
   4.3110540159739703E-002  -7.7222844107625449E-002
   8.5519477344870781E-002   5.1959536599527241E-002
   8.5519477344870781E-002  -5.1959536599527241E-002
 -0.10706325970264030        3.3889294451919724E-002
 -0.10706325970264030       -3.3889294451919724E-002
   5.6269513217817098E-002   6.3883539928803940E-002
   5.6269513217817098E-002  -6.3883539928803940E-002
  -5.6935582997119944E-003   7.5130436353112326E-002
  -5.6935582997119944E-003  -7.5130436353112326E-002
   9.3921697390536837E-002   0.0000000000000000     
   9.1390066335982928E-002   2.7103873842140039E-002
   9.1390066335982928E-002  -2.7103873842140039E-002
  -7.6205394870769300E-002   6.4434809764311402E-002
  -7.6205394870769300E-002  -6.4434809764311402E-002
  -3.4596588633979963E-002   6.7768419373328267E-002
  -3.4596588633979963E-002  -6.7768419373328267E-002
  -9.7264737471736959E-002   0.0000000000000000     
   2.2558348619870522E-002   5.0805265601270438E-002
   2.2558348619870522E-002  -5.0805265601270438E-002
  -7.1407346786787618E-002   7.8897182315581082E-003
  -7.1407346786787618E-002  -7.8897182315581082E-003
  -6.6553838115373909E-002   2.6057773269891064E-002
  -6.6553838115373909E-002  -2.6057773269891064E-002
   4.0055026061387403E-002   2.2114553890434166E-002
   4.0055026061387403E-002  -2.2114553890434166E-002
  -3.9998975890456770E-002   2.4240845563031972E-002
  -3.9998975890456770E-002  -2.4240845563031972E-002
  -4.8481308579780093E-002   0.0000000000000000     
   3.6212612659836850E-002   0.0000000000000000     
   1.2683407802935772E-002   0.0000000000000000     
  -1.1115673344966471E-003   1.1028958200589472E-002
  -1.1115673344966471E-003  -1.1028958200589472E-002
  -1.5227230413262677E-002   0.0000000000000000     
   4.7469212320801939E-003   0.0000000000000000     
  -5.4103484993315741E-003   0.0000000000000000     
   8.2285171489933308E-004   0.0000000000000000     
  -1.6064433567020035E-005   7.0130216128227833E-004
  -1.6064433567020035E-005  -7.0130216128227833E-004
   1.4316170636230322E-004   0.0000000000000000     
  -1.0110633346080384E-004   0.0000000000000000     
  -3.2879351234634213E-005   0.0000000000000000     
  -1.0333424748808468E-007   1.2231753054578498E-007
  -1.0333424748808468E-007  -1.2231753054578498E-007
   8.8128467404118511E-015   0.0000000000000000     
  -8.5411054291563425E-008   0.0000000000000000     
