  -6.9955484155403980E-004   55.599013406730172     
  -6.9955484155403980E-004  -55.599013406730172     
   4.6481700524996228E-003   55.343725242980881     
   4.6481700524996228E-003  -55.343725242980881     
  -6.1999739793545672E-003   55.356001268669011     
  -6.1999739793545672E-003  -55.356001268669011     
  -1.1791113314671975E-003   54.670537833478591     
  -1.1791113314671975E-003  -54.670537833478591     
   1.2342563674422991E-002   54.577676417786861     
   1.2342563674422991E-002  -54.577676417786861     
  -1.3711761800980327E-002   54.579301199247546     
  -1.3711761800980327E-002  -54.579301199247546     
   7.8612826407766789E-003   54.286987549823131     
   7.8612826407766789E-003  -54.286987549823131     
  -1.0382767296207129E-002   54.311719427221966     
  -1.0382767296207129E-002  -54.311719427221966     
   2.7496861092224378E-004   53.418088792954968     
   2.7496861092224378E-004  -53.418088792954968     
  -2.9004572843236431E-003   53.279751904225499     
  -2.9004572843236431E-003  -53.279751904225499     
   3.7923995821849132E-003   53.271255160515068     
   3.7923995821849132E-003  -53.271255160515068     
  -1.9038418547630442E-002   53.224971066077956     
  -1.9038418547630442E-002  -53.224971066077956     
   2.7811379813755810E-002   53.172113643413617     
   2.7811379813755810E-002  -53.172113643413617     
   1.5942097769569230E-002   53.219733056008415     
   1.5942097769569230E-002  -53.219733056008415     
  -3.1158112765460544E-002   53.171711499129408     
  -3.1158112765460544E-002  -53.171711499129408     
   5.4537293426477618E-003   52.811334993725168     
   5.4537293426477618E-003  -52.811334993725168     
  -6.3700193172007147E-003   52.811774390882007     
  -6.3700193172007147E-003  -52.811774390882007     
  -3.7001952161030971E-003   51.965296709152419     
  -3.7001952161030971E-003  -51.965296709152419     
   3.1205244956638012E-003   51.964830479137554     
   3.1205244956638012E-003  -51.964830479137554     
  -1.8618667958946844E-002   51.267014274362673     
  -1.8618667958946844E-002  -51.267014274362673     
   9.9871129968462924E-003   51.263646495705089     
   9.9871129968462924E-003  -51.263646495705089     
  -2.1635629671066248E-003   51.134943369683270     
  -2.1635629671066248E-003  -51.134943369683270     
   6.0285986552397475E-003   51.150599004912742     
   6.0285986552397475E-003  -51.150599004912742     
   2.9564646608406520E-003   50.621550335142715     
   2.9564646608406520E-003  -50.621550335142715     
  -4.4802814076145836E-003   50.610789100747489     
  -4.4802814076145836E-003  -50.610789100747489     
  -4.0901910749902015E-003   49.965335718246187     
  -4.0901910749902015E-003  -49.965335718246187     
  -1.3997727183079789E-002   49.509114402015648     
  -1.3997727183079789E-002  -49.509114402015648     
   1.1306398069807599E-002   49.479067030905391     
   1.1306398069807599E-002  -49.479067030905391     
  -2.9409674021430021E-004   49.124503298192231     
  -2.9409674021430021E-004  -49.124503298192231     
   1.3078243665560763E-003   47.589893510752290     
   1.3078243665560763E-003  -47.589893510752290     
  -1.5838812443238481E-003   47.583662687451657     
  -1.5838812443238481E-003  -47.583662687451657     
   1.1675865690108367E-003   49.050843320860011     
   1.1675865690108367E-003  -49.050843320860011     
  -1.2551540622518509E-003   49.053318138195785     
  -1.2551540622518509E-003  -49.053318138195785     
   2.3567213958344269E-003   48.816073538216337     
   2.3567213958344269E-003  -48.816073538216337     
  -3.3338501919519814E-003   48.816407145605247     
  -3.3338501919519814E-003  -48.816407145605247     
  -3.2244328422478929E-002   48.068733410185935     
  -3.2244328422478929E-002  -48.068733410185935     
   2.8907294867412503E-002   48.084807544821125     
   2.8907294867412503E-002  -48.084807544821125     
   1.3893942768022360E-002   48.606463088898167     
   1.3893942768022360E-002  -48.606463088898167     
  -2.2129072009835937E-002   48.604068654832986     
  -2.2129072009835937E-002  -48.604068654832986     
   2.4821119923743140E-002   48.251709409305732     
   2.4821119923743140E-002  -48.251709409305732     
   9.1859610413287385E-003   48.491976368537301     
   9.1859610413287385E-003  -48.491976368537301     
  -3.0524962567344716E-002   48.231495043643122     
  -3.0524962567344716E-002  -48.231495043643122     
  -1.4730085113097147E-002   48.458253949815870     
  -1.4730085113097147E-002  -48.458253949815870     
   1.6655679782306976E-003   48.358078474853194     
   1.6655679782306976E-003  -48.358078474853194     
  -2.5621618952627045E-003   48.362563624202551     
  -2.5621618952627045E-003  -48.362563624202551     
  -6.1983458165872918E-003   46.339725610630275     
  -6.1983458165872918E-003  -46.339725610630275     
   5.6862169784110961E-003   46.341151767824464     
   5.6862169784110961E-003  -46.341151767824464     
   2.7608763347400256E-002   45.747920777001113     
   2.7608763347400256E-002  -45.747920777001113     
  -8.2298659653510242E-003   45.748698135580874     
  -8.2298659653510242E-003  -45.748698135580874     
  -1.8928883287734344E-002   45.684472367041266     
  -1.8928883287734344E-002  -45.684472367041266     
  -8.9299881530822134E-003   45.709202300327107     
  -8.9299881530822134E-003  -45.709202300327107     
  -4.0580893938074070E-002   44.733379530738290     
  -4.0580893938074070E-002  -44.733379530738290     
   3.5710958993401931E-002   44.733343129032285     
   3.5710958993401931E-002  -44.733343129032285     
  -1.2261243935059341E-002   44.424640436439333     
  -1.2261243935059341E-002  -44.424640436439333     
   7.8091026916382589E-003   44.434945007168331     
   7.8091026916382589E-003  -44.434945007168331     
  -5.9400361894557108E-003   44.373375855749046     
  -5.9400361894557108E-003  -44.373375855749046     
   4.8092685200642471E-003   44.390563692442726     
   4.8092685200642471E-003  -44.390563692442726     
   4.1670051538922337E-004   42.916776354381781     
   4.1670051538922337E-004  -42.916776354381781     
  -5.7902552445199262E-005   43.644751842340497     
  -5.7902552445199262E-005  -43.644751842340497     
  -3.6271000522702934E-004   42.914044581216977     
  -3.6271000522702934E-004  -42.914044581216977     
   9.0354831603645103E-004   43.513310015458508     
   9.0354831603645103E-004  -43.513310015458508     
  -4.6908262130962441E-004   43.304768821607993     
  -4.6908262130962441E-004  -43.304768821607993     
   3.4705252264366493E-004   43.614327980625362     
   3.4705252264366493E-004  -43.614327980625362     
  -9.2382017199810207E-004   43.513740929201880     
  -9.2382017199810207E-004  -43.513740929201880     
   5.0288842826784474E-004   43.303995317875255     
   5.0288842826784474E-004  -43.303995317875255     
  -4.3469066436507831E-004   43.615059252354094     
  -4.3469066436507831E-004  -43.615059252354094     
   1.1690999474854635E-002   42.373306915625918     
   1.1690999474854635E-002  -42.373306915625918     
  -1.9839316301078824E-002   42.338510316465083     
  -1.9839316301078824E-002  -42.338510316465083     
   3.3475578046884280E-003   42.226109914688763     
   3.3475578046884280E-003  -42.226109914688763     
  -2.2086164680530374E-003   42.226520432240555     
  -2.2086164680530374E-003  -42.226520432240555     
   4.5015765578106937E-003   41.867935377319512     
   4.5015765578106937E-003  -41.867935377319512     
  -1.1513401419650293E-002   41.892201415061514     
  -1.1513401419650293E-002  -41.892201415061514     
   2.2742212240817850E-002   41.609700978449226     
   2.2742212240817850E-002  -41.609700978449226     
  -8.8469490547318230E-003   41.634340121367465     
  -8.8469490547318230E-003  -41.634340121367465     
  -1.3365060276014251E-002   41.621030311113572     
  -1.3365060276014251E-002  -41.621030311113572     
  -3.8546221580179285E-002   41.101155158678310     
  -3.8546221580179285E-002  -41.101155158678310     
   1.9586725739287658E-002   41.072923578664245     
   1.9586725739287658E-002  -41.072923578664245     
   9.8680767338876763E-005   41.058474512139561     
   9.8680767338876763E-005  -41.058474512139561     
   2.5450484125728590E-003   41.064533913412262     
   2.5450484125728590E-003  -41.064533913412262     
  -2.6732143134848840E-003   40.048876507162092     
  -2.6732143134848840E-003  -40.048876507162092     
  -1.0460470369253017E-002   40.014358788085588     
  -1.0460470369253017E-002  -40.014358788085588     
   4.3461328430044466E-002   39.575939422615640     
   4.3461328430044466E-002  -39.575939422615640     
   4.0458518006234456E-003   39.195510027568723     
   4.0458518006234456E-003  -39.195510027568723     
  -3.1440789204975061E-003   39.202770480022458     
  -3.1440789204975061E-003  -39.202770480022458     
  -5.8714574247238360E-002   39.492113450694937     
  -5.8714574247238360E-002  -39.492113450694937     
  -1.8245136065059064E-002   39.518751594318594     
  -1.8245136065059064E-002  -39.518751594318594     
   1.5882692226771411E-002   39.479614470145471     
   1.5882692226771411E-002  -39.479614470145471     
  -6.0330801368229103E-002   38.075741393174603     
  -6.0330801368229103E-002  -38.075741393174603     
   5.7149378796965244E-002   38.068489245188758     
   5.7149378796965244E-002  -38.068489245188758     
   3.4937903162912676E-004   37.778061001030835     
   3.4937903162912676E-004  -37.778061001030835     
  -2.1843636924767651E-004   37.759971045467857     
  -2.1843636924767651E-004  -37.759971045467857     
  -1.0963064674829326E-003   36.420341594889898     
  -1.0963064674829326E-003  -36.420341594889898     
   9.2135721287700534E-004   36.405079046185065     
   9.2135721287700534E-004  -36.405079046185065     
   4.1205478442662979E-005   37.327443157072544     
   4.1205478442662979E-005  -37.327443157072544     
  -6.9973081687990657E-005   37.326464905275280     
  -6.9973081687990657E-005  -37.326464905275280     
  -1.4625841001225659E-004   37.496415924445387     
  -1.4625841001225659E-004  -37.496415924445387     
   2.2575835021898527E-004   37.496126883790048     
   2.2575835021898527E-004  -37.496126883790048     
   5.0086017785558212E-002   36.890883896183652     
   5.0086017785558212E-002  -36.890883896183652     
  -7.6913872302446507E-003   36.909956577998230     
  -7.6913872302446507E-003  -36.909956577998230     
   2.6192488078180531E-004   37.576891413669294     
   2.6192488078180531E-004  -37.576891413669294     
  -2.9014676637451053E-004   37.576984340903138     
  -2.9014676637451053E-004  -37.576984340903138     
  -1.6306388112305115E-002   36.943275728944258     
  -1.6306388112305115E-002  -36.943275728944258     
  -1.6867092265115957E-005   37.622187600273207     
  -1.6867092265115957E-005  -37.622187600273207     
  -3.8886259414896429E-002   36.976192059940679     
  -3.8886259414896429E-002  -36.976192059940679     
  -2.8217748611591986E-004   36.338525748042130     
  -2.8217748611591986E-004  -36.338525748042130     
   2.7395129156460030E-004   35.187687690992576     
   2.7395129156460030E-004  -35.187687690992576     
  -4.4192197784309606E-004   36.988494145989513     
  -4.4192197784309606E-004  -36.988494145989513     
   4.9606670173840683E-005   37.612176761885877     
   4.9606670173840683E-005  -37.612176761885877     
  -1.2223449093249350E-003   36.986577793143610     
  -1.2223449093249350E-003  -36.986577793143610     
  -7.6388893752010745E-004   35.194243529561071     
  -7.6388893752010745E-004  -35.194243529561071     
  -7.1497188055540117E-005   37.612405031249949     
  -7.1497188055540117E-005  -37.612405031249949     
   1.7585413498082847E-002   34.401293011205077     
   1.7585413498082847E-002  -34.401293011205077     
  -2.6306357749916742E-005   36.340999732585153     
  -2.6306357749916742E-005  -36.340999732585153     
  -3.0725330182257871E-002   34.458560043728276     
  -3.0725330182257871E-002  -34.458560043728276     
   8.7567854683898716E-003   33.659304363045102     
   8.7567854683898716E-003  -33.659304363045102     
  -1.8480523398376469E-002   33.654400257904264     
  -1.8480523398376469E-002  -33.654400257904264     
   8.8547515090224849E-003   33.440577819933637     
   8.8547515090224849E-003  -33.440577819933637     
  -2.2488483687046923E-002   33.387648573661906     
  -2.2488483687046923E-002  -33.387648573661906     
  -1.0736130469179983E-003   33.314807241803706     
  -1.0736130469179983E-003  -33.314807241803706     
   1.0007223657204634E-004   33.302397727294249     
   1.0007223657204634E-004  -33.302397727294249     
   5.1060479286011429E-003   32.976424909930870     
   5.1060479286011429E-003  -32.976424909930870     
   9.6189572739429074E-003   32.914175054947961     
   9.6189572739429074E-003  -32.914175054947961     
  -3.4711439516383003E-002   32.800965914749270     
  -3.4711439516383003E-002  -32.800965914749270     
   1.5216302161392470E-002   32.809964300795798     
   1.5216302161392470E-002  -32.809964300795798     
   7.6696518885910336E-003   32.562099091605504     
   7.6696518885910336E-003  -32.562099091605504     
  -1.0433804973751570E-002   32.544241220014293     
  -1.0433804973751570E-002  -32.544241220014293     
  -6.7860103321493170E-005   30.495254403630511     
  -6.7860103321493170E-005  -30.495254403630511     
  -1.5335558363944291E-002   30.716313944796315     
  -1.5335558363944291E-002  -30.716313944796315     
   8.2648235693705274E-005   30.819796325905042     
   8.2648235693705274E-005  -30.819796325905042     
  -4.4857750736859714E-004   30.821593725196600     
  -4.4857750736859714E-004  -30.821593725196600     
   2.6137687842397561E-002   30.981123152890010     
   2.6137687842397561E-002  -30.981123152890010     
  -2.6575417631935494E-002   30.976490600921061     
  -2.6575417631935494E-002  -30.976490600921061     
  -9.9739587616554104E-005   31.152174096261543     
  -9.9739587616554104E-005  -31.152174096261543     
   6.2708145133427706E-005   31.151681541199967     
   6.2708145133427706E-005  -31.151681541199967     
   1.8215960109313478E-005   31.302544014791053     
   1.8215960109313478E-005  -31.302544014791053     
   3.9402325202608779E-005   31.302313083560513     
   3.9402325202608779E-005  -31.302313083560513     
  -8.2736324547028062E-007   31.403501147812676     
  -8.2736324547028062E-007  -31.403501147812676     
  -2.4278374410435788E-005   31.366063834172980     
  -2.4278374410435788E-005  -31.366063834172980     
   3.8829061812961640E-005   31.365961042382768     
   3.8829061812961640E-005  -31.365961042382768     
   2.2769709466352595E-005   31.401028483570254     
   2.2769709466352595E-005  -31.401028483570254     
   6.0444875042087176E-005   31.391445827399547     
   6.0444875042087176E-005  -31.391445827399547     
  -6.0317824303268708E-005   31.391499086633758     
  -6.0317824303268708E-005  -31.391499086633758     
  -2.0300543354778711E-005   31.401069259579810     
  -2.0300543354778711E-005  -31.401069259579810     
   2.0908221956878137E-002   30.206014162788968     
   2.0908221956878137E-002  -30.206014162788968     
  -3.6395329117775876E-002   30.246682685798504     
  -3.6395329117775876E-002  -30.246682685798504     
   6.3696300997539979E-004   30.165925498233765     
   6.3696300997539979E-004  -30.165925498233765     
   6.5815850137074250E-004   30.156564002646931     
   6.5815850137074250E-004  -30.156564002646931     
  -1.5773648372183757E-003   30.474815426611503     
  -1.5773648372183757E-003  -30.474815426611503     
   1.7129022832762963E-002   28.145308119304030     
   1.7129022832762963E-002  -28.145308119304030     
  -2.8771539817425307E-002   28.141562152319182     
  -2.8771539817425307E-002  -28.141562152319182     
   3.6752427382183372E-002   28.715146745100267     
   3.6752427382183372E-002  -28.715146745100267     
  -7.5801684206435849E-002   28.683529878799920     
  -7.5801684206435849E-002  -28.683529878799920     
  -8.2050524014636750E-002   29.068715890474433     
  -8.2050524014636750E-002  -29.068715890474433     
   8.0687727237047202E-002   29.060633196819278     
   8.0687727237047202E-002  -29.060633196819278     
  -1.1475729462984141E-003   28.954389161673987     
  -1.1475729462984141E-003  -28.954389161673987     
  -2.6515885088285174E-005   28.963677366284372     
  -2.6515885088285174E-005  -28.963677366284372     
  -1.5030389374377506E-003   27.654330721677052     
  -1.5030389374377506E-003  -27.654330721677052     
   5.2500423877779312E-003   27.597669362865634     
   5.2500423877779312E-003  -27.597669362865634     
  -1.2966156384015548E-003   26.602084425204147     
  -1.2966156384015548E-003  -26.602084425204147     
  -4.9566129272067272E-003   26.652560158948376     
  -4.9566129272067272E-003  -26.652560158948376     
  -4.9674418451402857E-002   27.212681130547477     
  -4.9674418451402857E-002  -27.212681130547477     
   6.3210459297654786E-002   27.071813801336251     
   6.3210459297654786E-002  -27.071813801336251     
   2.0846003002672475E-002   27.108978025021838     
   2.0846003002672475E-002  -27.108978025021838     
  -4.0911162434407622E-002   27.092072754632838     
  -4.0911162434407622E-002  -27.092072754632838     
   1.0583255313011186E-002   26.876954271079647     
   1.0583255313011186E-002  -26.876954271079647     
  -1.5486290472611408E-002   26.917347152792296     
  -1.5486290472611408E-002  -26.917347152792296     
   6.0810920794747148E-003   27.003806816684133     
   6.0810920794747148E-003  -27.003806816684133     
  -1.0359610350025861E-002   26.997409081139160     
  -1.0359610350025861E-002  -26.997409081139160     
  -5.4501896445479869E-002   26.275180676959355     
  -5.4501896445479869E-002  -26.275180676959355     
   4.8871407744103923E-002   26.275848264859150     
   4.8871407744103923E-002  -26.275848264859150     
  -2.7736928818633544E-005   25.041913675237279     
  -2.7736928818633544E-005  -25.041913675237279     
  -1.4772690990483284E-006   25.041567333126888     
  -1.4772690990483284E-006  -25.041567333126888     
  -3.7796213201435336E-006   25.102226735244795     
  -3.7796213201435336E-006  -25.102226735244795     
   5.9637229732345531E-007   25.102155964439557     
   5.9637229732345531E-007  -25.102155964439557     
  -7.6044867887148371E-006   25.122790571843019     
  -7.6044867887148371E-006  -25.122790571843019     
   4.0860932415398565E-008   25.131502658662164     
   4.0860932415398565E-008  -25.131502658662164     
   7.5765830249707733E-006   25.129197552612080     
   7.5765830249707733E-006  -25.129197552612080     
   5.4401151774532974E-006   25.122771865720608     
   5.4401151774532974E-006  -25.122771865720608     
  -8.4614489681555938E-006   25.129206330648135     
  -8.4614489681555938E-006  -25.129206330648135     
   3.0063067528729448E-006   25.131089130537170     
   3.0063067528729448E-006  -25.131089130537170     
  -2.9105695231734785E-006   25.131094709001001     
  -2.9105695231734785E-006  -25.131094709001001     
  -7.3227087024919923E-004   23.798219993802370     
  -7.3227087024919923E-004  -23.798219993802370     
   6.0081111282175859E-004   23.792869608074756     
   6.0081111282175859E-004  -23.792869608074756     
   2.4256584654225880E-002   24.078684231794369     
   2.4256584654225880E-002  -24.078684231794369     
  -1.3756076694985964E-002   24.368068825596851     
  -1.3756076694985964E-002  -24.368068825596851     
  -2.8251090508274096E-002   24.115100917119133     
  -2.8251090508274096E-002  -24.115100917119133     
  -1.7650821884922785E-002   24.312397386881681     
  -1.7650821884922785E-002  -24.312397386881681     
  -2.9266577030755830E-003   24.147133393514807     
  -2.9266577030755830E-003  -24.147133393514807     
   1.5062451394546983E-002   24.121534165425665     
   1.5062451394546983E-002  -24.121534165425665     
   1.7535040145856551E-004   24.523546608511694     
   1.7535040145856551E-004  -24.523546608511694     
  -1.3884807036672331E-005   24.521385909059873     
  -1.3884807036672331E-005  -24.521385909059873     
  -1.5796790290303897E-005   24.883438426597998     
  -1.5796790290303897E-005  -24.883438426597998     
  -2.3044932658200512E-005   24.884630251435546     
  -2.3044932658200512E-005  -24.884630251435546     
  -2.6952589039180921E-003   23.060151272675398     
  -2.6952589039180921E-003  -23.060151272675398     
  -1.1548886548686133E-002   22.984525100345945     
  -1.1548886548686133E-002  -22.984525100345945     
  -4.7463402131513177E-004   22.508337709250359     
  -4.7463402131513177E-004  -22.508337709250359     
   7.9686058100850166E-004   22.502686558293867     
   7.9686058100850166E-004  -22.502686558293867     
  -2.7614359651419562E-002   21.913744019647506     
  -2.7614359651419562E-002  -21.913744019647506     
   2.1545626966696929E-002   21.906051367202828     
   2.1545626966696929E-002  -21.906051367202828     
   2.6323199727654956E-002   21.833740104703143     
   2.6323199727654956E-002  -21.833740104703143     
  -2.3609770621367154E-002   21.826463031809308     
  -2.3609770621367154E-002  -21.826463031809308     
   2.9476987094585461E-002   21.465287787956061     
   2.9476987094585461E-002  -21.465287787956061     
  -5.1583998879497273E-002   21.481971132904739     
  -5.1583998879497273E-002  -21.481971132904739     
   1.6416759668197667E-002   21.044221772121080     
   1.6416759668197667E-002  -21.044221772121080     
  -4.0135069520848943E-002   21.017709709209516     
  -4.0135069520848943E-002  -21.017709709209516     
  -2.8286733261082553E-003   20.160048434219863     
  -2.8286733261082553E-003  -20.160048434219863     
   7.3710662829889806E-002   20.411405549203309     
   7.3710662829889806E-002  -20.411405549203309     
   9.5064083236540142E-004   20.487985980436171     
   9.5064083236540142E-004  -20.487985980436171     
   3.2285570234483307E-002   20.237941331120155     
   3.2285570234483307E-002  -20.237941331120155     
  -2.7578446074454810E-002   20.463438361794193     
  -2.7578446074454810E-002  -20.463438361794193     
  -3.6271574330252854E-002   20.335368124169253     
  -3.6271574330252854E-002  -20.335368124169253     
  -9.7551955165071647E-003   20.326980711709659     
  -9.7551955165071647E-003  -20.326980711709659     
  -1.2120706148687432E-002   20.463567595367241     
  -1.2120706148687432E-002  -20.463567595367241     
  0.16195078936852969        19.194572021713377     
  0.16195078936852969       -19.194572021713377     
  -6.4306353194792054E-002   19.232131590008759     
  -6.4306353194792054E-002  -19.232131590008759     
 -0.14437007073322405        19.151901730076005     
 -0.14437007073322405       -19.151901730076005     
 -0.14533190163222720        18.804082502328249     
 -0.14533190163222720       -18.804082502328249     
   6.3225444925083529E-002   18.731613401280544     
   6.3225444925083529E-002  -18.731613401280544     
   2.5181417186770361E-004   18.748287007946757     
   2.5181417186770361E-004  -18.748287007946757     
   1.8573501190832786E-005   18.748450901335339     
   1.8573501190832786E-005  -18.748450901335339     
   5.4027608525933690E-002   18.839062154389993     
   5.4027608525933690E-002  -18.839062154389993     
  -1.8736193953452496E-002   18.811349234444453     
  -1.8736193953452496E-002  -18.811349234444453     
  -7.9814606439132518E-005   18.819688734976950     
  -7.9814606439132518E-005  -18.819688734976950     
   6.5457977163507763E-005   18.819454690718352     
   6.5457977163507763E-005  -18.819454690718352     
   3.6710819193430666E-006   18.842053862807006     
   3.6710819193430666E-006  -18.842053862807006     
   1.1095246314374307E-005   18.842097705408559     
   1.1095246314374307E-005  -18.842097705408559     
   2.4934907836282605E-006   18.847928554566074     
   2.4934907836282605E-006  -18.847928554566074     
  -2.1950520250335614E-006   18.847933114715239     
  -2.1950520250335614E-006  -18.847933114715239     
   4.1251910154471716E-007   18.849209904641118     
   4.1251910154471716E-007  -18.849209904641118     
  -1.8631104863331416E-006   18.849210818833274     
  -1.8631104863331416E-006  -18.849210818833274     
   3.7713292488916750E-008   18.849497155458138     
   3.7713292488916750E-008  -18.849497155458138     
   1.4171564810538939E-007   18.849458155801642     
   1.4171564810538939E-007  -18.849458155801642     
  -2.0426730440448182E-007   18.849458278166420     
  -2.0426730440448182E-007  -18.849458278166420     
   1.1683171682086435E-004   18.142356546707951     
   1.1683171682086435E-004  -18.142356546707951     
   5.7116266072521071E-005   18.139898757589798     
   5.7116266072521071E-005  -18.139898757589798     
  -1.1112087870035481E-004   18.559753012177946     
  -1.1112087870035481E-004  -18.559753012177946     
  -3.1703276464178920E-005   18.561183333603907     
  -3.1703276464178920E-005  -18.561183333603907     
   1.5247296696025703E-003   17.334601766085811     
   1.5247296696025703E-003  -17.334601766085811     
  -8.6144076387207127E-004   17.333572594068219     
  -8.6144076387207127E-004  -17.333572594068219     
  0.10713119582069136        17.545381916328932     
  0.10713119582069136       -17.545381916328932     
 -0.10782849290976257        17.543816621323906     
 -0.10782849290976257       -17.543816621323906     
   1.4528699631831607E-003   17.522013440387859     
   1.4528699631831607E-003  -17.522013440387859     
   1.8745752631746160E-002   17.563967814485412     
   1.8745752631746160E-002  -17.563967814485412     
   3.7223536046916972E-003   17.662319425986809     
   3.7223536046916972E-003  -17.662319425986809     
  -2.3312645439781621E-002   17.646980439061366     
  -2.3312645439781621E-002  -17.646980439061366     
  -3.4826947151019860E-003   16.534576149354898     
  -3.4826947151019860E-003  -16.534576149354898     
  -1.1569074943874685E-002   16.461970080324242     
  -1.1569074943874685E-002  -16.461970080324242     
  -3.2225593253211726E-003   15.981903878681669     
  -3.2225593253211726E-003  -15.981903878681669     
   1.7296240095920005E-002   15.986761393181958     
   1.7296240095920005E-002  -15.986761393181958     
  -6.0574206336726638E-003   15.803306449912109     
  -6.0574206336726638E-003  -15.803306449912109     
   2.2853538560007151E-003   15.930013659630440     
   2.2853538560007151E-003  -15.930013659630440     
  -2.0075358332913990E-003   15.835401166649062     
  -2.0075358332913990E-003  -15.835401166649062     
  -1.0757585477346732E-003   15.880958506101932     
  -1.0757585477346732E-003  -15.880958506101932     
  -9.9638280745598884E-002   15.553437888315065     
  -9.9638280745598884E-002  -15.553437888315065     
   5.3564242635808279E-002   15.594110585269370     
   5.3564242635808279E-002  -15.594110585269370     
 -0.14277073005593643        15.021695756225284     
 -0.14277073005593643       -15.021695756225284     
  0.13071114160947550        15.003214705095075     
  0.13071114160947550       -15.003214705095075     
   5.7959909024110967E-002   14.971535217944199     
   5.7959909024110967E-002  -14.971535217944199     
 -0.10604261077450028        14.965166924227793     
 -0.10604261077450028       -14.965166924227793     
  0.11308979699674460        14.936739485566900     
  0.11308979699674460       -14.936739485566900     
  -7.6699402873531497E-002   14.934735782791980     
  -7.6699402873531497E-002  -14.934735782791980     
  -1.3993331611830140E-002   14.211257282710077     
  -1.3993331611830140E-002  -14.211257282710077     
   1.8609713281541262E-002   14.190093106872895     
   1.8609713281541262E-002  -14.190093106872895     
   2.9330742704014146E-002   14.022385443630384     
   2.9330742704014146E-002  -14.022385443630384     
  -2.5956610506115751E-002   14.016716653301337     
  -2.5956610506115751E-002  -14.016716653301337     
  -3.2664201274835936E-002   13.886487088966296     
  -3.2664201274835936E-002  -13.886487088966296     
   1.6662422779899266E-002   13.931679580451060     
   1.6662422779899266E-002  -13.931679580451060     
 -0.11143841479865868        13.567014627572636     
 -0.11143841479865868       -13.567014627572636     
   5.7158630409325450E-002   13.572008355407867     
   5.7158630409325450E-002  -13.572008355407867     
   6.7430738827856551E-002   13.497667583139476     
   6.7430738827856551E-002  -13.497667583139476     
  -4.3188177075909717E-002   13.480524066576017     
  -4.3188177075909717E-002  -13.480524066576017     
   1.0251051162773805E-002   13.011224824372555     
   1.0251051162773805E-002  -13.011224824372555     
  -2.4215870840041731E-002   13.083125949940959     
  -2.4215870840041731E-002  -13.083125949940959     
  -2.1709658255941733E-004   12.209157347137499     
  -2.1709658255941733E-004  -12.209157347137499     
   1.0754955173625236E-004   12.209791934307864     
   1.0754955173625236E-004  -12.209791934307864     
   1.6025266077557276E-004   12.434272426697902     
   1.6025266077557276E-004  -12.434272426697902     
  -1.6640716967852853E-004   12.434542512350168     
  -1.6640716967852853E-004  -12.434542512350168     
   1.7569312606102727E-005   12.526232936592741     
   1.7569312606102727E-005  -12.526232936592741     
  -3.5368984496741973E-006   12.526111498712709     
  -3.5368984496741973E-006  -12.526111498712709     
  -7.7833146119310470E-006   12.556676630513214     
  -7.7833146119310470E-006  -12.556676630513214     
   1.3059032994311437E-005   12.556659844947662     
   1.3059032994311437E-005  -12.556659844947662     
  -1.2009844851945672E-007   12.564599617492517     
  -1.2009844851945672E-007  -12.564599617492517     
   6.9871807450994083E-007   12.564609929384744     
   6.9871807450994083E-007  -12.564609929384744     
  -6.7422463168043123E-009   12.566139004863487     
  -6.7422463168043123E-009  -12.566139004863487     
   8.9219951426855459E-008   12.566140307322156     
   8.9219951426855459E-008  -12.566140307322156     
   2.8154362841092961E-008   12.566348507636949     
   2.8154362841092961E-008  -12.566348507636949     
  -3.3438925850504120E-008   12.566348493495171     
  -3.3438925850504120E-008  -12.566348493495171     
   5.0500936765729421E-011   12.566369877450709     
   5.0500936765729421E-011  -12.566369877450709     
   2.5961357508208494E-009   12.566368401842164     
   2.5961357508208494E-009  -12.566368401842164     
  -3.4675324833699506E-009   12.566368410861012     
  -3.4675324833699506E-009  -12.566368410861012     
  -4.2268961570352259E-003   11.422291306664921     
  -4.2268961570352259E-003  -11.422291306664921     
   1.4338952879798278E-002   11.472191860206925     
   1.4338952879798278E-002  -11.472191860206925     
   2.2424920176811261E-003   11.746627209448478     
   2.2424920176811261E-003  -11.746627209448478     
  -1.0764309030635816E-003   11.747338152644359     
  -1.0764309030635816E-003  -11.747338152644359     
   2.2944546132429883E-002   10.629136069853683     
   2.2944546132429883E-002  -10.629136069853683     
  -6.1002229313742717E-002   10.708500272667289     
  -6.1002229313742717E-002  -10.708500272667289     
 -0.14316886343118390        11.248634033861464     
 -0.14316886343118390       -11.248634033861464     
  -1.7699805516418032E-002   11.220188300409077     
  -1.7699805516418032E-002  -11.220188300409077     
   8.4077914315436347E-002   11.106833099124996     
   8.4077914315436347E-002  -11.106833099124996     
  -2.3001045992787586E-002   11.146845573063684     
  -2.3001045992787586E-002  -11.146845573063684     
   3.0816521073205594E-002   11.125865264466910     
   3.0816521073205594E-002  -11.125865264466910     
   3.7355280430766358E-002   11.012899280144831     
   3.7355280430766358E-002  -11.012899280144831     
  -8.2572597936231007E-003   10.933743153751131     
  -8.2572597936231007E-003  -10.933743153751131     
   3.0858854959473023E-003   10.933226572447246     
   3.0858854959473023E-003  -10.933226572447246     
  -1.6495276360460331E-002   10.306574314703203     
  -1.6495276360460331E-002  -10.306574314703203     
  -5.3725502779957135E-003   10.194230306053196     
  -5.3725502779957135E-003  -10.194230306053196     
 -0.10989904330825079        10.116331267472891     
 -0.10989904330825079       -10.116331267472891     
  0.10053226525712838        10.098813979585678     
  0.10053226525712838       -10.098813979585678     
  -5.3470887952168616E-002   10.101546308168642     
  -5.3470887952168616E-002  -10.101546308168642     
   4.2439394017655202E-002   10.041463565663349     
   4.2439394017655202E-002  -10.041463565663349     
   1.0552470088538627E-002   9.6760647586091473     
   1.0552470088538627E-002  -9.6760647586091473     
  -1.5871319610026607E-002   9.6774370140212422     
  -1.5871319610026607E-002  -9.6774370140212422     
  -8.8733810441352298E-002   9.4019613883950743     
  -8.8733810441352298E-002  -9.4019613883950743     
   6.0902990296570092E-002   9.3961898488220488     
   6.0902990296570092E-002  -9.3961898488220488     
   1.4647384748049053E-002   9.1195218897888921     
   1.4647384748049053E-002  -9.1195218897888921     
  -8.3966002665863737E-002   9.0941887421749268     
  -8.3966002665863737E-002  -9.0941887421749268     
   1.9430845957181919E-002   9.0412064106444081     
   1.9430845957181919E-002  -9.0412064106444081     
  0.24495147256254701        8.7602077950747379     
  0.24495147256254701       -8.7602077950747379     
 -0.27527847353924106        8.7144990916140781     
 -0.27527847353924106       -8.7144990916140781     
 -0.12429443463837853        8.7434631669316509     
 -0.12429443463837853       -8.7434631669316509     
   9.2351351330432596E-002   8.6287983476927081     
   9.2351351330432596E-002  -8.6287983476927081     
   2.3779273999529171E-002   8.4998204506985555     
   2.3779273999529171E-002  -8.4998204506985555     
  -1.3340089381312481E-002   8.4814426309586572     
  -1.3340089381312481E-002  -8.4814426309586572     
   6.1990408652902396E-002   8.1691347105962802     
   6.1990408652902396E-002  -8.1691347105962802     
  -3.3200421982937378E-002   8.2723106633868557     
  -3.3200421982937378E-002  -8.2723106633868557     
   5.1401445817353508E-002   8.0315690541544189     
   5.1401445817353508E-002  -8.0315690541544189     
 -0.11182245168361304        7.9405228080284243     
 -0.11182245168361304       -7.9405228080284243     
   1.7525720156710278E-002   8.0161187521566397     
   1.7525720156710278E-002  -8.0161187521566397     
  -7.3987400915411783E-003   7.9842632496472845     
  -7.3987400915411783E-003  -7.9842632496472845     
  -2.1407191615077981E-002   7.7636477319355661     
  -2.1407191615077981E-002  -7.7636477319355661     
  -1.6324459667422575E-002   7.8532028926023321     
  -1.6324459667422575E-002  -7.8532028926023321     
  -6.5812683951290696E-002   7.0395254388067032     
  -6.5812683951290696E-002  -7.0395254388067032     
   3.8232779908378811E-002   7.0396095558829508     
   3.8232779908378811E-002  -7.0396095558829508     
 -0.21760411319637341        6.6897485212258871     
 -0.21760411319637341       -6.6897485212258871     
   1.6442394050822706E-002   6.7364382865991761     
   1.6442394050822706E-002  -6.7364382865991761     
   4.0067880410677659E-002   6.7283975555779669     
   4.0067880410677659E-002  -6.7283975555779669     
  0.13647937689384249        6.6628709171060105     
  0.13647937689384249       -6.6628709171060105     
  -7.8166984122422623E-002   6.6159394474081186     
  -7.8166984122422623E-002  -6.6159394474081186     
   8.8518730437020077E-002   6.5958807330296079     
   8.8518730437020077E-002  -6.5958807330296079     
  -2.3358702076584636E-003   6.4678658458782818     
  -2.3358702076584636E-003  -6.4678658458782818     
   2.1370831981807337E-003   6.4119599392548894     
   2.1370831981807337E-003  -6.4119599392548894     
   4.1353776996544411E-005   6.1328635977004584     
   4.1353776996544411E-005  -6.1328635977004584     
  -7.4851287467303962E-002   6.3153124713125965     
  -7.4851287467303962E-002  -6.3153124713125965     
   4.6582350544249751E-004   6.1340383541422634     
   4.6582350544249751E-004  -6.1340383541422634     
   3.1230103934775322E-002   6.2959222368666268     
   3.1230103934775322E-002  -6.2959222368666268     
  -2.0184591112848427E-004   6.2317654101022111     
  -2.0184591112848427E-004  -6.2317654101022111     
   1.8935190512303635E-004   6.2314956678482609     
   1.8935190512303635E-004  -6.2314956678482609     
  -1.6398416404994620E-005   6.2690608910888654     
  -1.6398416404994620E-005  -6.2690608910888654     
   4.0821887575148708E-005   6.2691026653592496     
   4.0821887575148708E-005  -6.2691026653592496     
  -1.2465789640647706E-005   6.2802823484768240     
  -1.2465789640647706E-005  -6.2802823484768240     
   1.0833673148136214E-005   6.2802903939854540     
   1.0833673148136214E-005  -6.2802903939854540     
   1.6833250149339563E-006   6.2827803278148755     
   1.6833250149339563E-006  -6.2827803278148755     
  -1.5692085131302491E-007   6.2827823931673015     
  -1.5692085131302491E-007  -6.2827823931673015     
   7.2557812424989265E-008   6.2831531787134285     
   7.2557812424989265E-008  -6.2831531787134285     
  -2.0090940577865979E-008   6.2831535137166163     
  -2.0090940577865979E-008  -6.2831535137166163     
  -6.6881500337956368E-010   6.2831842067844628     
  -6.6881500337956368E-010  -6.2831842067844628     
   9.6276764338654175E-010   6.2831842045696389     
   9.6276764338654175E-010  -6.2831842045696389     
   5.3681503686675569E-012   6.2831853067976713     
   5.3681503686675569E-012  -6.2831853067976713     
   3.4446667740439807E-011   6.2831852952976197     
   3.4446667740439807E-011  -6.2831852952976197     
   2.2192025994627329E-011   6.2831852952677139     
   2.2192025994627329E-011  -6.2831852952677139     
   4.9181558227142279        0.0000000000000000     
   4.5434393749143105        0.0000000000000000     
  -4.2536203112374533        0.0000000000000000     
   4.1973261105197972        0.0000000000000000     
   4.0842682037512539        0.0000000000000000     
   6.4837616468115075E-002   5.8437341198703816     
   6.4837616468115075E-002  -5.8437341198703816     
   2.4318990426600712E-003   6.0216767817053061     
   2.4318990426600712E-003  -6.0216767817053061     
  -2.8218963819637621E-002   5.9788986356062610     
  -2.8218963819637621E-002  -5.9788986356062610     
   2.0192670395328571E-002   5.9456077718562446     
   2.0192670395328571E-002  -5.9456077718562446     
  -1.2408720559800246E-002   5.9104152989148808     
  -1.2408720559800246E-002  -5.9104152989148808     
   5.5044918220505390E-003   5.9236684459058617     
   5.5044918220505390E-003  -5.9236684459058617     
  -6.7790763884178831E-002   5.5071000353971709     
  -6.7790763884178831E-002  -5.5071000353971709     
  -1.2074057469523974E-002   5.4878718572493401     
  -1.2074057469523974E-002  -5.4878718572493401     
  -7.5750494763024423E-004   5.5271031835935531     
  -7.5750494763024423E-004  -5.5271031835935531     
  -9.7348990858189474E-004   5.5382873256628535     
  -9.7348990858189474E-004  -5.5382873256628535     
  -6.1284241351225052E-002   5.2161304183532362     
  -6.1284241351225052E-002  -5.2161304183532362     
   2.7669955368201216E-002   5.2148249750638271     
   2.7669955368201216E-002  -5.2148249750638271     
  0.17429433545335787        4.7945001482967857     
  0.17429433545335787       -4.7945001482967857     
  -5.1608504787479359E-002   4.9631118778960150     
  -5.1608504787479359E-002  -4.9631118778960150     
  -1.0564743401479434E-002   4.9388855559481328     
  -1.0564743401479434E-002  -4.9388855559481328     
  -3.1085642933764653E-002   4.8947084689040672     
  -3.1085642933764653E-002  -4.8947084689040672     
   2.6204882530752122E-002   4.8629605684569146     
   2.6204882530752122E-002  -4.8629605684569146     
 -0.18325432776395892        4.7272177804257849     
 -0.18325432776395892       -4.7272177804257849     
  -4.0359327163281629        0.0000000000000000     
   3.8362296414292971        0.0000000000000000     
  -3.8160573996910059        0.0000000000000000     
   3.6471875937978342        0.0000000000000000     
  -3.5938077979294412        0.0000000000000000     
  0.13632932765917333        4.3952180654295940     
  0.13632932765917333       -4.3952180654295940     
  -1.6334829812718527E-002   4.4394186855534397     
  -1.6334829812718527E-002  -4.4394186855534397     
 -0.10291591780461251        4.3735922166937495     
 -0.10291591780461251       -4.3735922166937495     
 -0.15887878790932952        4.3267594456218914     
 -0.15887878790932952       -4.3267594456218914     
   3.4139609130122190        0.0000000000000000     
 -0.12469775005835368        4.1042984322399780     
 -0.12469775005835368       -4.1042984322399780     
  0.10527400335974657        4.0399086476135153     
  0.10527400335974657       -4.0399086476135153     
  -2.0709549254124271E-002   4.0581961489808043     
  -2.0709549254124271E-002  -4.0581961489808043     
   2.0178176895675859E-002   4.0323726097668962     
   2.0178176895675859E-002  -4.0323726097668962     
  -3.9960379082873754E-002   3.8948069530828224     
  -3.9960379082873754E-002  -3.8948069530828224     
   5.4915703350809419E-002   3.8963713149377610     
   5.4915703350809419E-002  -3.8963713149377610     
   3.2924999184612767        0.0000000000000000     
  -3.3148760644174500       0.14073901816585746     
  -3.3148760644174500      -0.14073901816585746     
  0.10190650338633922        3.7400131551734401     
  0.10190650338633922       -3.7400131551734401     
 -0.11755464928034232        3.7194263940427099     
 -0.11755464928034232       -3.7194263940427099     
   3.2562478013542724        0.0000000000000000     
  -3.2336827225730933        0.0000000000000000     
  -3.2000114929055981        0.0000000000000000     
   3.2063415069550971        0.0000000000000000     
  -3.1547598251308391        0.0000000000000000     
   3.1471125905094337        0.0000000000000000     
   3.1003601847807611        0.0000000000000000     
  -3.0776580052930580        0.0000000000000000     
   3.4161510021114228E-002   3.3203776350766647     
   3.4161510021114228E-002  -3.3203776350766647     
 -0.14528527067309516        3.2751221849979153     
 -0.14528527067309516       -3.2751221849979153     
 -0.23829828231803146        3.2484202713738695     
 -0.23829828231803146       -3.2484202713738695     
  0.19984713106293939        3.2363194793655166     
  0.19984713106293939       -3.2363194793655166     
  -4.8106270042343094E-002   3.2375762380317190     
  -4.8106270042343094E-002  -3.2375762380317190     
  0.16101965419413708        3.1519026271325048     
  0.16101965419413708       -3.1519026271325048     
 -0.16826023391434919        3.1303339215335266     
 -0.16826023391434919       -3.1303339215335266     
  -6.0163834908411942E-002   3.0854186150442673     
  -6.0163834908411942E-002  -3.0854186150442673     
   1.7877523674683427E-002   3.0431850075543432     
   1.7877523674683427E-002  -3.0431850075543432     
   7.9051117347291949E-002   2.9945066844464385     
   7.9051117347291949E-002  -2.9945066844464385     
  0.18455064113923181        2.9583132577963265     
  0.18455064113923181       -2.9583132577963265     
  -5.9093267565750840E-002   2.9529691347770042     
  -5.9093267565750840E-002  -2.9529691347770042     
  -5.3882153749237660E-002   2.8273485197717965     
  -5.3882153749237660E-002  -2.8273485197717965     
  -2.9272235933789066       0.10900100561531531     
  -2.9272235933789066      -0.10900100561531531     
  -9.0490970416503558E-003   2.6975505818683585     
  -9.0490970416503558E-003  -2.6975505818683585     
  -2.9035592454145207        1.7793654049963321E-002
  -2.9035592454145207       -1.7793654049963321E-002
   2.8999482752826524        1.8121744680239235E-002
   2.8999482752826524       -1.8121744680239235E-002
   1.8063966238613720E-002   2.5956877185697858     
   1.8063966238613720E-002  -2.5956877185697858     
  -2.8448716291298846        2.7152219589329021E-002
  -2.8448716291298846       -2.7152219589329021E-002
  -2.7939951014750610        6.3554494813013396E-002
  -2.7939951014750610       -6.3554494813013396E-002
   2.7672702842934056       0.19984917933137000     
   2.7672702842934056      -0.19984917933137000     
  -2.7532238306176513        9.2456498761830111E-002
  -2.7532238306176513       -9.2456498761830111E-002
  -2.7840043195461077        3.6661787226648812E-002
  -2.7840043195461077       -3.6661787226648812E-002
   2.7770612434988386        5.4962460316355474E-002
   2.7770612434988386       -5.4962460316355474E-002
  -6.4205033446726817E-002   2.4238843488265234     
  -6.4205033446726817E-002  -2.4238843488265234     
  -2.6740994191304184       0.17728315628389985     
  -2.6740994191304184      -0.17728315628389985     
   2.7589607157045370        1.0756226988683882E-002
   2.7589607157045370       -1.0756226988683882E-002
  -2.5462384560545170       0.28834602449133218     
  -2.5462384560545170      -0.28834602449133218     
   2.7113479916254444        0.0000000000000000     
  -2.6357031078941842        0.0000000000000000     
  -2.5422224935792812       0.13413590756449806     
  -2.5422224935792812      -0.13413590756449806     
  -2.5695313808110232        5.6326778261365715E-002
  -2.5695313808110232       -5.6326778261365715E-002
   2.4832496817230751       0.28795377592623800     
   2.4832496817230751      -0.28795377592623800     
   2.5949731537697041        0.0000000000000000     
  -2.5168883671292068        0.0000000000000000     
   2.5690908148512426        3.3364764464656971E-002
   2.5690908148512426       -3.3364764464656971E-002
  -2.5055272157058428        0.0000000000000000     
   2.5133977311678990       0.10273877043418984     
   2.5133977311678990      -0.10273877043418984     
  -2.4289614398880777        7.7554223011894047E-002
  -2.4289614398880777       -7.7554223011894047E-002
  -2.4343144197627953        0.0000000000000000     
   2.4259634362370868       0.17529142688016217     
   2.4259634362370868      -0.17529142688016217     
  -2.3961735007342355        9.1724746888063105E-002
  -2.3961735007342355       -9.1724746888063105E-002
   2.4394661559410418        3.2527073090841990E-002
   2.4394661559410418       -3.2527073090841990E-002
   2.3554101387864534       0.14423117434069391     
   2.3554101387864534      -0.14423117434069391     
  -2.3693851078257606        0.0000000000000000     
   2.3194808453340268       0.18590339463093034     
   2.3194808453340268      -0.18590339463093034     
   2.3668487330626853        1.7215354239230568E-002
   2.3668487330626853       -1.7215354239230568E-002
   2.3217944878923920        3.5197225973298545E-002
   2.3217944878923920       -3.5197225973298545E-002
   5.2934715269812679E-002   1.9820623168662450     
   5.2934715269812679E-002  -1.9820623168662450     
  -7.8134489021989273E-002   1.9432483265106906     
  -7.8134489021989273E-002  -1.9432483265106906     
  0.10161953852966987        1.8975710797583538     
  0.10161953852966987       -1.8975710797583538     
   5.0089054035259886E-002   1.8720806910413914     
   5.0089054035259886E-002  -1.8720806910413914     
 -0.18043474598719683        1.8205544162759535     
 -0.18043474598719683       -1.8205544162759535     
  -7.8012158395279092E-003   1.7924081477747842     
  -7.8012158395279092E-003  -1.7924081477747842     
  -2.3311460699241406       0.20452961329689498     
  -2.3311460699241406      -0.20452961329689498     
  -2.2298285200917261       0.25520787326425970     
  -2.2298285200917261      -0.25520787326425970     
  -2.2119270758280365       0.20757979906759338     
  -2.2119270758280365      -0.20757979906759338     
  -2.0669948337572941       0.31375454106126643     
  -2.0669948337572941      -0.31375454106126643     
  -2.2367348824200119       0.12127212503102829     
  -2.2367348824200119      -0.12127212503102829     
  -2.1216594314223673       0.22930191462863495     
  -2.1216594314223673      -0.22930191462863495     
  -2.2397568781637771        8.1140157360797285E-002
  -2.2397568781637771       -8.1140157360797285E-002
  -2.2511653133296892        3.5262789705710951E-002
  -2.2511653133296892       -3.5262789705710951E-002
  -2.2563524659433081        0.0000000000000000     
  -2.0208712283835268       0.26454851728451612     
  -2.0208712283835268      -0.26454851728451612     
  -2.2220801861426431        0.0000000000000000     
   2.2473123771886567       0.22124465955270192     
   2.2473123771886567      -0.22124465955270192     
   2.0594374749220838       0.35227070945869071     
   2.0594374749220838      -0.35227070945869071     
   2.2624643717711934        8.9918743741532747E-002
   2.2624643717711934       -8.9918743741532747E-002
  -2.1750242310813266        0.0000000000000000     
   2.1110821389566814       0.26863617017929386     
   2.1110821389566814      -0.26863617017929386     
  -2.1594666310083990        0.0000000000000000     
   2.2103201810930804       0.11427540021371177     
   2.2103201810930804      -0.11427540021371177     
   2.2324133204068684        0.0000000000000000     
   2.0010026695526562       0.32382532736496367     
   2.0010026695526562      -0.32382532736496367     
   2.2149152363651092        0.0000000000000000     
   2.0653952926927612       0.24337513974994490     
   2.0653952926927612      -0.24337513974994490     
   2.1284647613480079       0.12698555929128877     
   2.1284647613480079      -0.12698555929128877     
   2.1266806878573168        0.0000000000000000     
  -2.0607550904777518        9.8777848676948748E-002
  -2.0607550904777518       -9.8777848676948748E-002
  -2.0963615856051594        0.0000000000000000     
   2.0389489507933702       0.18953928682625606     
   2.0389489507933702      -0.18953928682625606     
  -2.0639013281434946        0.0000000000000000     
   2.0738946844442179        5.7700139796159865E-002
   2.0738946844442179       -5.7700139796159865E-002
   2.0237671732327760       0.13761368879919555     
   2.0237671732327760      -0.13761368879919555     
   2.0609949900756059        7.8830215901673339E-003
   2.0609949900756059       -7.8830215901673339E-003
   2.0342079625535616        0.0000000000000000     
 -0.14847344107006941        1.5986447484364361     
 -0.14847344107006941       -1.5986447484364361     
  -1.9894348139943514       0.23356968159613978     
  -1.9894348139943514      -0.23356968159613978     
   9.6832086458285255E-002   1.5643492037870195     
   9.6832086458285255E-002  -1.5643492037870195     
  -1.9784162052661753        9.0937534768068207E-002
  -1.9784162052661753       -9.0937534768068207E-002
  -2.0059135350067159        0.0000000000000000     
  -1.9678116651576139        2.2409567270761384E-002
  -1.9678116651576139       -2.2409567270761384E-002
  -1.9055612296560669        9.3561558865684347E-002
  -1.9055612296560669       -9.3561558865684347E-002
  -1.8025121751813840       0.23199627893264332     
  -1.8025121751813840      -0.23199627893264332     
  -1.8991663622709349        0.0000000000000000     
  -1.8403441751498555        9.6500053211794418E-002
  -1.8403441751498555       -9.6500053211794418E-002
   1.7623977245655484       0.42287300144589296     
   1.7623977245655484      -0.42287300144589296     
   1.8516001830030722       0.31345986631088307     
   1.8516001830030722      -0.31345986631088307     
   1.9633163822232227       0.22666268724641361     
   1.9633163822232227      -0.22666268724641361     
   1.8463747465894302       0.23801777501269081     
   1.8463747465894302      -0.23801777501269081     
   1.9928631333502880        2.5815063604421915E-002
   1.9928631333502880       -2.5815063604421915E-002
   1.9004877928980162       0.18100610119102239     
   1.9004877928980162      -0.18100610119102239     
   1.9196824139879825       0.14565198713391200     
   1.9196824139879825      -0.14565198713391200     
   1.9237646228618428       0.10073599265941052     
   1.9237646228618428      -0.10073599265941052     
   1.9106088028761028        0.0000000000000000     
   1.8236797792579593       0.10516133009494305     
   1.8236797792579593      -0.10516133009494305     
   1.8769833917910661        2.6595663882008482E-002
   1.8769833917910661       -2.6595663882008482E-002
   1.8407774166454856        0.0000000000000000     
 -0.11331409263625988        1.3792269757471791     
 -0.11331409263625988       -1.3792269757471791     
  0.31192053298496580        1.3450796539682295     
  0.31192053298496580       -1.3450796539682295     
 -0.85909253158554910        1.1298028000254667     
 -0.85909253158554910       -1.1298028000254667     
  0.14811220615500431        1.2919068525702411     
  0.14811220615500431       -1.2919068525702411     
   1.6005551817850592       0.40184668960139158     
   1.6005551817850592      -0.40184668960139158     
   1.6519491424701234       0.30855690062121649     
   1.6519491424701234      -0.30855690062121649     
   1.7490726171521769       0.18885730023029804     
   1.7490726171521769      -0.18885730023029804     
   1.7754708695865788       0.12971297822733158     
   1.7754708695865788      -0.12971297822733158     
   1.7195863809900920       0.16604696395551893     
   1.7195863809900920      -0.16604696395551893     
  -1.7205797068078574       0.35444879210400360     
  -1.7205797068078574      -0.35444879210400360     
  -1.7572418243263535       0.30182040475812083     
  -1.7572418243263535      -0.30182040475812083     
  -1.5436694664449162       0.39329401351541876     
  -1.5436694664449162      -0.39329401351541876     
  -1.8019218213566757        0.0000000000000000     
   1.7420861929548228        5.6281810242599276E-002
   1.7420861929548228       -5.6281810242599276E-002
  -1.7891857317435615       0.15927728385764311     
  -1.7891857317435615      -0.15927728385764311     
  -1.7641377681727834       0.17774295569770229     
  -1.7641377681727834      -0.17774295569770229     
  -1.6927154523706771       0.24913183761935237     
  -1.6927154523706771      -0.24913183761935237     
  -1.7576503814725513        9.8401929930036436E-002
  -1.7576503814725513       -9.8401929930036436E-002
  -1.7273627648727876        7.8356140854634715E-002
  -1.7273627648727876       -7.8356140854634715E-002
  -1.7627938758344885        0.0000000000000000     
  -1.6079128679029926       0.26510226346877913     
  -1.6079128679029926      -0.26510226346877913     
  -1.7321598156471807        2.2064875456816194E-002
  -1.7321598156471807       -2.2064875456816194E-002
   1.6887162538302631       0.10855140343865023     
   1.6887162538302631      -0.10855140343865023     
  -1.6686565972994218       0.13158693482394687     
  -1.6686565972994218      -0.13158693482394687     
   1.7060307143814863        0.0000000000000000     
   1.7099461249443064        0.0000000000000000     
 -0.37558253863212299        1.1749690890257742     
 -0.37558253863212299       -1.1749690890257742     
 -0.28959950725341721        1.1807343087104927     
 -0.28959950725341721       -1.1807343087104927     
  -1.4957425250894922       0.41745801608979932     
  -1.4957425250894922      -0.41745801608979932     
  -1.1405613527632501       0.56348264774400125     
  -1.1405613527632501      -0.56348264774400125     
  -1.3045681172297816       0.51860084537776552     
  -1.3045681172297816      -0.51860084537776552     
  -1.1800664356568413       0.53377722269595029     
  -1.1800664356568413      -0.53377722269595029     
  -1.5540653098292385       0.31543948783016612     
  -1.5540653098292385      -0.31543948783016612     
  -1.6134469842397150       0.15543625350662590     
  -1.6134469842397150      -0.15543625350662590     
   1.3677874289660974       0.47278361071694630     
   1.3677874289660974      -0.47278361071694630     
  -1.6561043753914382        4.4883734229885695E-002
  -1.6561043753914382       -4.4883734229885695E-002
   1.3612149200261092       0.42454341260633371     
   1.3612149200261092      -0.42454341260633371     
   1.5840182616969121       0.27505615773177966     
   1.5840182616969121      -0.27505615773177966     
   1.5362506614388047       0.23191395300659418     
   1.5362506614388047      -0.23191395300659418     
   1.6131642797726202       0.18733969589459581     
   1.6131642797726202      -0.18733969589459581     
  -1.5209663807059264       0.22789221977502899     
  -1.5209663807059264      -0.22789221977502899     
   1.6630817980167356        2.8974931907061480E-002
   1.6630817980167356       -2.8974931907061480E-002
   1.6421850402158442        6.5495857146473074E-002
   1.6421850402158442       -6.5495857146473074E-002
  -1.6220433862578223        0.0000000000000000     
   1.5914639122534324       0.16615763965928060     
   1.5914639122534324      -0.16615763965928060     
  -1.5989967254539854        0.0000000000000000     
   1.6080097629789050        5.9136932285629162E-002
   1.6080097629789050       -5.9136932285629162E-002
   1.5705809818144383       0.11844474254132649     
   1.5705809818144383      -0.11844474254132649     
   1.1973058047226662E-003   1.1153070303878350     
   1.1973058047226662E-003  -1.1153070303878350     
  0.31836150421401166        1.0406849781486323     
  0.31836150421401166       -1.0406849781486323     
 -0.58913513266128925       0.95999233138767004     
 -0.58913513266128925      -0.95999233138767004     
 -0.37360616545138037       0.97317310877522412     
 -0.37360616545138037      -0.97317310877522412     
  0.54873359501242480       0.92460564048662852     
  0.54873359501242480      -0.92460564048662852     
  0.94952101716773207       0.70296409560204431     
  0.94952101716773207      -0.70296409560204431     
  -1.3452140235451897       0.38629055706763743     
  -1.3452140235451897      -0.38629055706763743     
   1.4504436937873710       0.26750081810807080     
   1.4504436937873710      -0.26750081810807080     
   1.3251662437041918       0.37026176886092665     
   1.3251662437041918      -0.37026176886092665     
   1.3272244375590558       0.33617417070680622     
   1.3272244375590558      -0.33617417070680622     
   1.4108367736341076       0.26078891160093792     
   1.4108367736341076      -0.26078891160093792     
  -1.4422432325660646       0.25938768328520218     
  -1.4422432325660646      -0.25938768328520218     
  -1.5176088071868461       0.13279924872074023     
  -1.5176088071868461      -0.13279924872074023     
   1.5299946469861514        0.0000000000000000     
  -1.4985391927671456        9.4630549844953518E-002
  -1.4985391927671456       -9.4630549844953518E-002
  -1.4540731841465029       0.17932889519451020     
  -1.4540731841465029      -0.17932889519451020     
   1.4946615754202845       0.11743919564133216     
   1.4946615754202845      -0.11743919564133216     
  -1.4950817820733573        0.0000000000000000     
  -1.4500697431691316       0.16070703462009292     
  -1.4500697431691316      -0.16070703462009292     
   1.4924370245526171        0.0000000000000000     
 -0.13375631881157679       0.90633454059888618     
 -0.13375631881157679      -0.90633454059888618     
  0.13981039065660567       0.88243594981536888     
  0.13981039065660567      -0.88243594981536888     
  0.98023871010489816       0.56181550082566467     
  0.98023871010489816      -0.56181550082566467     
   1.2362914683263360       0.35950703260875183     
   1.2362914683263360      -0.35950703260875183     
   1.3768711097884578       0.20297929522888386     
   1.3768711097884578      -0.20297929522888386     
  -1.2551145796050420       0.35879409106546373     
  -1.2551145796050420      -0.35879409106546373     
  -1.1651208364000609       0.39669055463013431     
  -1.1651208364000609      -0.39669055463013431     
   1.3786774908460726       0.16470390299324361     
   1.3786774908460726      -0.16470390299324361     
  -1.4773746390609466        8.7511969710670524E-003
  -1.4773746390609466       -8.7511969710670524E-003
  -1.3721357026519878       0.22668284090770535     
  -1.3721357026519878      -0.22668284090770535     
  -1.3183904868553555       0.25435171894084491     
  -1.3183904868553555      -0.25435171894084491     
  -1.3655327165590965       0.20113980994463140     
  -1.3655327165590965      -0.20113980994463140     
   1.4311290906853846        0.0000000000000000     
   1.4037785059504453       0.10640392042016494     
   1.4037785059504453      -0.10640392042016494     
  -1.4252396472972384       0.10050229914642975     
  -1.4252396472972384      -0.10050229914642975     
   1.4186344354509370        3.9869801960478686E-002
   1.4186344354509370       -3.9869801960478686E-002
  -1.4171874760452141        0.0000000000000000     
   2.7061134083303424E-002  0.84976960467947460     
   2.7061134083303424E-002 -0.84976960467947460     
  0.17616361657445295       0.82279888652046451     
  0.17616361657445295      -0.82279888652046451     
 -0.87120276845106748       0.59106726189376979     
 -0.87120276845106748      -0.59106726189376979     
  0.93478986177018142       0.52976198142475828     
  0.93478986177018142      -0.52976198142475828     
 -0.29125370313154886       0.79590796788968476     
 -0.29125370313154886      -0.79590796788968476     
   1.0534159901772933       0.43605918198898008     
   1.0534159901772933      -0.43605918198898008     
  -1.0800834796731915       0.46726025279339495     
  -1.0800834796731915      -0.46726025279339495     
 -0.15819329268982563       0.78091934525379836     
 -0.15819329268982563      -0.78091934525379836     
  0.98371959602504244       0.45828580855284740     
  0.98371959602504244      -0.45828580855284740     
   1.2760748323554365       0.20435519953046766     
   1.2760748323554365      -0.20435519953046766     
   1.2247822696725128       0.25857174494927099     
   1.2247822696725128      -0.25857174494927099     
   1.1148632167370303       0.31559475609710591     
   1.1148632167370303      -0.31559475609710591     
   1.1544089082168290       0.27678717130464736     
   1.1544089082168290      -0.27678717130464736     
  0.63016539056304777       0.66462709718367641     
  0.63016539056304777      -0.66462709718367641     
  -1.2291199668714159       0.28184861909206826     
  -1.2291199668714159      -0.28184861909206826     
   1.2181862565514763       0.21631379920619545     
   1.2181862565514763      -0.21631379920619545     
  -1.3314434838271101       0.17860709062424301     
  -1.3314434838271101      -0.17860709062424301     
  -1.1212424500085745       0.33254531358266431     
  -1.1212424500085745      -0.33254531358266431     
  -1.3740777149208159        0.0000000000000000     
  -1.2952080621768536       0.16775952372627054     
  -1.2952080621768536      -0.16775952372627054     
  0.67864387545293470       0.59495210180428237     
  0.67864387545293470      -0.59495210180428237     
  -1.3471476707579442        3.1398842245520392E-002
  -1.3471476707579442       -3.1398842245520392E-002
  -1.3330308704098317        7.7328015894133850E-002
  -1.3330308704098317       -7.7328015894133850E-002
  -1.3153775221828838       0.10172120923869743     
  -1.3153775221828838      -0.10172120923869743     
  0.46011390703628829       0.72656610622320861     
  0.46011390703628829      -0.72656610622320861     
 -0.50310670398031399       0.69353743049780237     
 -0.50310670398031399      -0.69353743049780237     
 -0.65219447879254444       0.62275991241094741     
 -0.65219447879254444      -0.62275991241094741     
   1.3114250252463000        8.7651810738121699E-002
   1.3114250252463000       -8.7651810738121699E-002
   1.3041324747178391        5.5741717452895662E-002
   1.3041324747178391       -5.5741717452895662E-002
   1.3145454526565408        2.2555078925613408E-002
   1.3145454526565408       -2.2555078925613408E-002
   1.2215267195895936       0.13154944495831722     
   1.2215267195895936      -0.13154944495831722     
 -0.90048977543576192       0.45317061442045053     
 -0.90048977543576192      -0.45317061442045053     
   1.1629097839447766       0.15314001706868477     
   1.1629097839447766      -0.15314001706868477     
  -1.0496834344093520       0.36638877295646333     
  -1.0496834344093520      -0.36638877295646333     
   1.2303059072710196        5.1218713837906313E-002
   1.2303059072710196       -5.1218713837906313E-002
 -0.82922552292177798       0.42785007100450706     
 -0.82922552292177798      -0.42785007100450706     
  -1.2029140036971748       0.20199110083917460     
  -1.2029140036971748      -0.20199110083917460     
 -0.91805385198795175       0.38007231243702355     
 -0.91805385198795175      -0.38007231243702355     
   1.2023185652509831        0.0000000000000000     
  -1.1631862771242840       0.21913241661103020     
  -1.1631862771242840      -0.21913241661103020     
  -1.2879309066539615        0.0000000000000000     
  -1.1086410681736627       0.24766130827755639     
  -1.1086410681736627      -0.24766130827755639     
   1.1728815685568146        9.0354744761409242E-002
   1.1728815685568146       -9.0354744761409242E-002
  -1.2246111565993631       0.11409770502833436     
  -1.2246111565993631      -0.11409770502833436     
  -1.0202508360228766       0.30115813301380417     
  -1.0202508360228766      -0.30115813301380417     
  -1.2237910855182608        2.9484693069263997E-002
  -1.2237910855182608       -2.9484693069263997E-002
  -1.1648223866463918       0.11197813166641191     
  -1.1648223866463918      -0.11197813166641191     
   7.4744021454692111E-003  0.74084665555367024     
   7.4744021454692111E-003 -0.74084665555367024     
 -0.70794040107758938       0.51749466630860097     
 -0.70794040107758938      -0.51749466630860097     
   1.1740586967592344        5.7625700920556654E-002
   1.1740586967592344       -5.7625700920556654E-002
  -1.0198248252446329       0.26028643072336255     
  -1.0198248252446329      -0.26028643072336255     
  -1.1171078988859837       0.12643468795684920     
  -1.1171078988859837      -0.12643468795684920     
  -1.1422650204978442        8.1056199642082744E-002
  -1.1422650204978442       -8.1056199642082744E-002
 -0.39136741391141816       0.63884651934918091     
 -0.39136741391141816      -0.63884651934918091     
   1.0467971301919550       0.25729488043303056     
   1.0467971301919550      -0.25729488043303056     
   1.0785527396853931       0.22049526524178656     
   1.0785527396853931      -0.22049526524178656     
   1.0176639867968265       0.24259741634361656     
   1.0176639867968265      -0.24259741634361656     
 -0.75273014203886301       0.44573124786408158     
 -0.75273014203886301      -0.44573124786408158     
   1.1454200450821679        9.8808525470194794E-002
   1.1454200450821679       -9.8808525470194794E-002
   1.1259312879167886        9.4535681659337886E-002
   1.1259312879167886       -9.4535681659337886E-002
  -1.1396171610268218        0.0000000000000000     
  -1.0334483521307987       0.18135495473419552     
  -1.0334483521307987      -0.18135495473419552     
  -1.0456969359663542       0.16883735636903738     
  -1.0456969359663542      -0.16883735636903738     
  -1.1074269492614213        7.4706032245075105E-002
  -1.1074269492614213       -7.4706032245075105E-002
 -0.77282979380825356       0.39959355208078479     
 -0.77282979380825356      -0.39959355208078479     
  -1.0001868585515403       0.21004587401974179     
  -1.0001868585515403      -0.21004587401974179     
 -0.95792098609670995       0.24435322686173025     
 -0.95792098609670995      -0.24435322686173025     
  0.46888571541867768       0.59666964370229492     
  0.46888571541867768      -0.59666964370229492     
 -0.27214086932864412       0.62703578050526165     
 -0.27214086932864412      -0.62703578050526165     
  0.78171914790960528       0.42003500548734418     
  0.78171914790960528      -0.42003500548734418     
  0.64106657320294236       0.49931559492642369     
  0.64106657320294236      -0.49931559492642369     
  0.85825590143695796       0.34592828545463555     
  0.85825590143695796      -0.34592828545463555     
  0.92022162284538345       0.28771111826372653     
  0.92022162284538345      -0.28771111826372653     
   1.0056250528566015       0.19491194051003655     
   1.0056250528566015      -0.19491194051003655     
  0.28302927679606371       0.59177173730055654     
  0.28302927679606371      -0.59177173730055654     
 -0.14191655645545992       0.60471871425961121     
 -0.14191655645545992      -0.60471871425961121     
  -8.9881829858154377E-002  0.58237576851355599     
  -8.9881829858154377E-002 -0.58237576851355599     
 -0.54448202350700581       0.47201778200756195     
 -0.54448202350700581      -0.47201778200756195     
   1.1333212161109314        0.0000000000000000     
  0.58031541482545235       0.43430788336714715     
  0.58031541482545235      -0.43430788336714715     
  0.78232579316522233       0.33205793118932259     
  0.78232579316522233      -0.33205793118932259     
   1.0875219631438398        0.0000000000000000     
   9.2387080018400347E-002  0.59854407302404689     
   9.2387080018400347E-002 -0.59854407302404689     
 -0.58718110611049457       0.41748366637771228     
 -0.58718110611049457      -0.41748366637771228     
 -0.87975369118579261       0.28407562338771802     
 -0.87975369118579261      -0.28407562338771802     
 -0.76659872976206367       0.30074200003906643     
 -0.76659872976206367      -0.30074200003906643     
  -1.0651385319253717        9.8206946866239084E-003
  -1.0651385319253717       -9.8206946866239084E-003
 -0.90542824050989235       0.19022026446409027     
 -0.90542824050989235      -0.19022026446409027     
 -0.88005406493832616       0.18781451063367408     
 -0.88005406493832616      -0.18781451063367408     
   1.0794446057481373        0.0000000000000000     
 -0.98637329459912904       0.10725075982232082     
 -0.98637329459912904      -0.10725075982232082     
  -1.0408536201376530        0.0000000000000000     
  0.98287253533566521       0.15772224519678416     
  0.98287253533566521      -0.15772224519678416     
 -0.98204019826800715        8.2787765743717032E-002
 -0.98204019826800715       -8.2787765743717032E-002
  0.85516817112460441       0.21907265947110616     
  0.85516817112460441      -0.21907265947110616     
   1.0038993643032113        9.6813506382790945E-002
   1.0038993643032113       -9.6813506382790945E-002
  0.90308019643958515       0.19242310097127460     
  0.90308019643958515      -0.19242310097127460     
   1.0128681098948358        3.6536759579497369E-002
   1.0128681098948358       -3.6536759579497369E-002
  0.92281584603047118       0.16914756062385825     
  0.92281584603047118      -0.16914756062385825     
  -1.0077660973105913        5.4672415948628988E-003
  -1.0077660973105913       -5.4672415948628988E-003
  0.97599205723770610        6.2095301828650397E-002
  0.97599205723770610       -6.2095301828650397E-002
  0.92137217098773627       0.13089210455422065     
  0.92137217098773627      -0.13089210455422065     
 -0.93863837140538031        0.0000000000000000     
  0.94574716323506913        0.0000000000000000     
  0.83243725311610595       0.20700551681636789     
  0.83243725311610595      -0.20700551681636789     
 -0.87720095229537975       0.16438927831135275     
 -0.87720095229537975      -0.16438927831135275     
  0.54709458780685094       0.43975094411142229     
  0.54709458780685094      -0.43975094411142229     
  0.61873639825317639       0.36943722709332333     
  0.61873639825317639      -0.36943722709332333     
  0.70344127526020905       0.33360846810089090     
  0.70344127526020905      -0.33360846810089090     
  0.71889714286501394       0.29199350221134868     
  0.71889714286501394      -0.29199350221134868     
 -0.90851929826302236        4.1876758580622619E-002
 -0.90851929826302236       -4.1876758580622619E-002
  0.87799595348870663        8.7566356419390659E-002
  0.87799595348870663       -8.7566356419390659E-002
  0.88458068091794440        2.9728078141677494E-002
  0.88458068091794440       -2.9728078141677494E-002
  0.37430904636056839       0.46922777281549111     
  0.37430904636056839      -0.46922777281549111     
 -0.39401927109246143       0.45031697367013379     
 -0.39401927109246143      -0.45031697367013379     
  0.75910093173750770       0.23721831762754239     
  0.75910093173750770      -0.23721831762754239     
 -0.73074312350578452       0.24741286759177028     
 -0.73074312350578452      -0.24741286759177028     
 -0.79736022326310252       0.21677020950597126     
 -0.79736022326310252      -0.21677020950597126     
 -0.79866130951135728       0.18339188936450349     
 -0.79866130951135728      -0.18339188936450349     
 -0.85939939743508309       0.10699837622422259     
 -0.85939939743508309      -0.10699837622422259     
  0.81785205764401170       0.12497036409820050     
  0.81785205764401170      -0.12497036409820050     
 -0.88326485788566378        0.0000000000000000     
 -0.89018825538205060        1.8789497164859684E-002
 -0.89018825538205060       -1.8789497164859684E-002
  0.44616613243981096       0.40834254889996330     
  0.44616613243981096      -0.40834254889996330     
 -0.13317951921053478       0.50515882272257739     
 -0.13317951921053478      -0.50515882272257739     
  0.83792611684416218        6.0911505484831104E-002
  0.83792611684416218       -6.0911505484831104E-002
 -0.27003138015528971       0.46616455203034629     
 -0.27003138015528971      -0.46616455203034629     
 -0.52852401800866267       0.37028418115373951     
 -0.52852401800866267      -0.37028418115373951     
 -0.63786152009528663       0.30317675786701553     
 -0.63786152009528663      -0.30317675786701553     
  0.73893653283871630       0.16660215609792117     
  0.73893653283871630      -0.16660215609792117     
 -0.77836394827360011       0.15978270248537144     
 -0.77836394827360011      -0.15978270248537144     
 -0.67963362438302122       0.22192457510455585     
 -0.67963362438302122      -0.22192457510455585     
 -0.72216296144178838       0.18466182544511137     
 -0.72216296144178838      -0.18466182544511137     
  0.81191777437956625        0.0000000000000000     
 -0.52083712961983974       0.33062548931771324     
 -0.52083712961983974      -0.33062548931771324     
  0.34676779672875779       0.39999538403342938     
  0.34676779672875779      -0.39999538403342938     
  0.11777056145414960       0.43148884377070928     
  0.11777056145414960      -0.43148884377070928     
  0.19196259838927393       0.42004545401655397     
  0.19196259838927393      -0.42004545401655397     
   4.2570018150454372E-003  0.43735295124385948     
   4.2570018150454372E-003 -0.43735295124385948     
 -0.33195166526392655       0.39215398625537445     
 -0.33195166526392655      -0.39215398625537445     
  -6.4408787302661863E-002  0.40534465255739838     
  -6.4408787302661863E-002 -0.40534465255739838     
  0.57758746745006384       0.27990782938948494     
  0.57758746745006384      -0.27990782938948494     
  0.37711716292256436       0.34503823569502418     
  0.37711716292256436      -0.34503823569502418     
  0.48902690184626041       0.31525582926352408     
  0.48902690184626041      -0.31525582926352408     
  0.52547018480931884       0.28257802982647529     
  0.52547018480931884      -0.28257802982647529     
  0.77656594248945610        3.2841192816700886E-002
  0.77656594248945610       -3.2841192816700886E-002
  0.71770345758935639       0.12492700486921550     
  0.71770345758935639      -0.12492700486921550     
  0.67631802139989561       0.16538360220767936     
  0.67631802139989561      -0.16538360220767936     
 -0.81538450162370357        0.0000000000000000     
 -0.49801405726008785       0.29208478590754061     
 -0.49801405726008785      -0.29208478590754061     
 -0.78264185553674848        6.3088133153803641E-002
 -0.78264185553674848       -6.3088133153803641E-002
 -0.78409448749917932        2.8935349062992562E-002
 -0.78409448749917932       -2.8935349062992562E-002
 -0.60595982370539903       0.22836170676397693     
 -0.60595982370539903      -0.22836170676397693     
 -0.68557250327394448       0.16528535383865156     
 -0.68557250327394448      -0.16528535383865156     
 -0.55051236521377067       0.24091743025112855     
 -0.55051236521377067      -0.24091743025112855     
  0.73664000481966707        0.0000000000000000     
  0.73461571505872569        6.2331971105856261E-002
  0.73461571505872569       -6.2331971105856261E-002
 -0.65576126047295413       0.17846014753008227     
 -0.65576126047295413      -0.17846014753008227     
  0.59573194788210326       0.17514439402874479     
  0.59573194788210326      -0.17514439402874479     
 -0.71244405773855224        9.3577791882885869E-002
 -0.71244405773855224       -9.3577791882885869E-002
  0.66431371740741896       0.10172050824926554     
  0.66431371740741896      -0.10172050824926554     
  0.67780946330173675        0.0000000000000000     
 -0.69824054553042281        6.3221461123269346E-002
 -0.69824054553042281       -6.3221461123269346E-002
  0.66922424832619698        1.4806362991793423E-002
  0.66922424832619698       -1.4806362991793423E-002
 -0.67602827083879413        4.8887603367504036E-002
 -0.67602827083879413       -4.8887603367504036E-002
   5.0984205414587765E-002  0.39854657434109686     
   5.0984205414587765E-002 -0.39854657434109686     
 -0.37550639880135672       0.32274641332147841     
 -0.37550639880135672      -0.32274641332147841     
 -0.31923186206217119       0.33292874869995193     
 -0.31923186206217119      -0.33292874869995193     
  0.23906018077178709       0.35413476753623513     
  0.23906018077178709      -0.35413476753623513     
  0.37361857073144944       0.30501858469948506     
  0.37361857073144944      -0.30501858469948506     
  0.55406009761376585       0.17494381511724541     
  0.55406009761376585      -0.17494381511724541     
 -0.66468256245173918        0.0000000000000000     
 -0.61829809925253287        9.7700713420906027E-002
 -0.61829809925253287       -9.7700713420906027E-002
  0.32427545137986602       0.31000142662357894     
  0.32427545137986602      -0.31000142662357894     
  0.57359184088930204       0.11053356556169605     
  0.57359184088930204      -0.11053356556169605     
 -0.52382084331136192       0.16968347709426640     
 -0.52382084331136192      -0.16968347709426640     
  0.60445509574199963        6.5513491681707808E-002
  0.60445509574199963       -6.5513491681707808E-002
  0.16434462213922521       0.34265435935903160     
  0.16434462213922521      -0.34265435935903160     
  -9.4347982696708580E-003  0.34698964386036679     
  -9.4347982696708580E-003 -0.34698964386036679     
 -0.18075333333724303       0.34106226938686435     
 -0.18075333333724303      -0.34106226938686435     
  0.61427340031299860        0.0000000000000000     
  0.44690645607614166       0.20908763259268376     
  0.44690645607614166      -0.20908763259268376     
 -0.21041146122139009       0.31450789898624387     
 -0.21041146122139009      -0.31450789898624387     
  0.57542701083184045        4.1459185680107764E-002
  0.57542701083184045       -4.1459185680107764E-002
  0.49072162884481507       0.16339412147466723     
  0.49072162884481507      -0.16339412147466723     
 -0.11720324867166682       0.31242187082636635     
 -0.11720324867166682      -0.31242187082636635     
  0.46366040470047459       0.17694770744397303     
  0.46366040470047459      -0.17694770744397303     
  0.36703312121123555       0.23652698577995313     
  0.36703312121123555      -0.23652698577995313     
 -0.36890770372280796       0.25968886376239952     
 -0.36890770372280796      -0.25968886376239952     
  0.51184672378355933       0.12326634456083378     
  0.51184672378355933      -0.12326634456083378     
 -0.45572151907214153       0.21623200439540466     
 -0.45572151907214153      -0.21623200439540466     
  0.17419987135414977       0.28583608656468612     
  0.17419987135414977      -0.28583608656468612     
  0.55889194792165620        0.0000000000000000     
 -0.59814782746580630        4.1190747863427954E-002
 -0.59814782746580630       -4.1190747863427954E-002
  0.28977539314056577       0.24520947944773483     
  0.28977539314056577      -0.24520947944773483     
 -0.51168989953221800       0.15124760941372217     
 -0.51168989953221800      -0.15124760941372217     
 -0.58834165025700846        0.0000000000000000     
 -0.29110580944459596       0.25363650250064773     
 -0.29110580944459596      -0.25363650250064773     
 -0.57092110772798721        6.0141642052076456E-002
 -0.57092110772798721       -6.0141642052076456E-002
 -0.43510842853674925       0.17663857636702590     
 -0.43510842853674925      -0.17663857636702590     
 -0.55330102551846594        0.0000000000000000     
 -0.51124031467355813        7.2955514841453323E-002
 -0.51124031467355813       -7.2955514841453323E-002
  0.50134469731544584        0.0000000000000000     
  0.48553740358516284        6.7584167134581534E-003
  0.48553740358516284       -6.7584167134581534E-003
 -0.46227618761712835       0.12101417138635490     
 -0.46227618761712835      -0.12101417138635490     
 -0.52311934396606374        0.0000000000000000     
 -0.45884959098204836        7.1076299976159954E-002
 -0.45884959098204836       -7.1076299976159954E-002
  0.36662756877257713       0.16212288001273334     
  0.36662756877257713      -0.16212288001273334     
  0.29067490526908291       0.21712067529984308     
  0.29067490526908291      -0.21712067529984308     
  -8.5773000146102563E-002  0.27098599492291203     
  -8.5773000146102563E-002 -0.27098599492291203     
 -0.22581346921697831       0.24528782913584976     
 -0.22581346921697831      -0.24528782913584976     
   7.5793746924987221E-002  0.25984448024794937     
   7.5793746924987221E-002 -0.25984448024794937     
  0.43803978376301289        5.8595230448482007E-002
  0.43803978376301289       -5.8595230448482007E-002
  0.44930602413210735        0.0000000000000000     
 -0.43464527700598987        7.1149352660186113E-002
 -0.43464527700598987       -7.1149352660186113E-002
 -0.45781021936926353        0.0000000000000000     
  0.21342753298700395       0.22627382372891020     
  0.21342753298700395      -0.22627382372891020     
 -0.32078913080115379       0.18109599030853007     
 -0.32078913080115379      -0.18109599030853007     
 -0.30336545249730051       0.18173377053966669     
 -0.30336545249730051      -0.18173377053966669     
  0.38284452786363676        9.4097055569082988E-002
  0.38284452786363676       -9.4097055569082988E-002
  0.27061950267005508       0.18921643965267065     
  0.27061950267005508      -0.18921643965267065     
 -0.39488347599502227        9.6576143714649579E-002
 -0.39488347599502227       -9.6576143714649579E-002
  0.29384437407650887       0.16337834644718763     
  0.29384437407650887      -0.16337834644718763     
  0.39730195694220050        4.2281653820198536E-002
  0.39730195694220050       -4.2281653820198536E-002
 -0.19221780055880727       0.20499578886951769     
 -0.19221780055880727      -0.20499578886951769     
 -0.41697130856990161        0.0000000000000000     
  0.37587363497122733        0.0000000000000000     
  0.33841824071482379        9.7404582035001047E-002
  0.33841824071482379       -9.7404582035001047E-002
 -0.33544031174122635       0.12216862388565707     
 -0.33544031174122635      -0.12216862388565707     
  0.34563392229835666        1.2091955944972243E-002
  0.34563392229835666       -1.2091955944972243E-002
  0.15661107799126150       0.19669517879044748     
  0.15661107799126150      -0.19669517879044748     
  0.30960353527813927        7.2851902440108959E-002
  0.30960353527813927       -7.2851902440108959E-002
 -0.13360587527282969       0.21056241475754955     
 -0.13360587527282969      -0.21056241475754955     
 -0.23103386513783006       0.15793613326027078     
 -0.23103386513783006      -0.15793613326027078     
  -1.5419237614318057E-002  0.20070210410607836     
  -1.5419237614318057E-002 -0.20070210410607836     
 -0.34365796077119082        0.0000000000000000     
 -0.32844644928980227        4.0968031988142153E-002
 -0.32844644928980227       -4.0968031988142153E-002
 -0.28255185337072125        9.7445654537445761E-002
 -0.28255185337072125       -9.7445654537445761E-002
  -8.3937503638802757E-002  0.18132738984270019     
  -8.3937503638802757E-002 -0.18132738984270019     
   2.6296792147141368E-002  0.18548515231999818     
   2.6296792147141368E-002 -0.18548515231999818     
  0.23218643179682003       0.12191825893279387     
  0.23218643179682003      -0.12191825893279387     
 -0.17152325627183809       0.15260267675991931     
 -0.17152325627183809      -0.15260267675991931     
 -0.30406241502373155        0.0000000000000000     
 -0.10643677843066923       0.16328362431766436     
 -0.10643677843066923      -0.16328362431766436     
   6.5257573604091818E-002  0.16624850963367702     
   6.5257573604091818E-002 -0.16624850963367702     
  0.17687503936961269       0.14561805681814410     
  0.17687503936961269      -0.14561805681814410     
 -0.27620819524600720        6.8402699032293290E-002
 -0.27620819524600720       -6.8402699032293290E-002
 -0.18077256280438170       0.12179661035858866     
 -0.18077256280438170      -0.12179661035858866     
  0.23528039507825088        6.4468407264734476E-002
  0.23528039507825088       -6.4468407264734476E-002
   9.1422419267011279E-002  0.11858961020948582     
   9.1422419267011279E-002 -0.11858961020948582     
  -1.3892342335852636E-003  0.13036392442034989     
  -1.3892342335852636E-003 -0.13036392442034989     
  0.17525939393199641       0.10719853998107862     
  0.17525939393199641      -0.10719853998107862     
 -0.23954442788777186        4.1538028987196877E-002
 -0.23954442788777186       -4.1538028987196877E-002
  0.24025187069006240        0.0000000000000000     
  0.18361916475639423        5.9422399397715840E-002
  0.18361916475639423       -5.9422399397715840E-002
  -5.5746414958069396E-002  0.11450296188864573     
  -5.5746414958069396E-002 -0.11450296188864573     
  0.19351744551595454        0.0000000000000000     
  0.12896229852589242        6.7219381905030365E-002
  0.12896229852589242       -6.7219381905030365E-002
 -0.11595229383964020        9.3047595333457397E-002
 -0.11595229383964020       -9.3047595333457397E-002
 -0.17742402605112917        3.1148682117487010E-002
 -0.17742402605112917       -3.1148682117487010E-002
 -0.22914097403213188        0.0000000000000000     
  0.14230056624942578        1.1074598001123507E-002
  0.14230056624942578       -1.1074598001123507E-002
  0.11996239936436183        0.0000000000000000     
   6.9661739409945300E-002   3.1518422765793974E-002
   6.9661739409945300E-002  -3.1518422765793974E-002
 -0.11405476523847292        0.0000000000000000     
  -6.0030008310200930E-002   5.7845102215350226E-002
  -6.0030008310200930E-002  -5.7845102215350226E-002
  -9.3254672668169641E-002   1.1833815775062709E-002
  -9.3254672668169641E-002  -1.1833815775062709E-002
   2.3405433875430266E-002   0.0000000000000000     
  -1.0697299878806035E-002   4.6480206023353871E-002
  -1.0697299878806035E-002  -4.6480206023353871E-002
   3.1402005832387524E-002   2.9559111674333137E-002
   3.1402005832387524E-002  -2.9559111674333137E-002
  -3.8448909392522053E-002   2.4151628047647056E-003
  -3.8448909392522053E-002  -2.4151628047647056E-003
   7.9040869898335080E-003   5.0114858172068026E-003
   7.9040869898335080E-003  -5.0114858172068026E-003
  -5.8328949056411904E-003   5.0215248109819026E-003
  -5.8328949056411904E-003  -5.0215248109819026E-003
  -7.8187582579472732E-004   3.4409453626240262E-004
  -7.8187582579472732E-004  -3.4409453626240262E-004
   2.0102024623647549E-004   0.0000000000000000     
  -8.1395761803230825E-005   0.0000000000000000     
   9.6711760065949435E-006   9.3549454415913357E-006
   9.6711760065949435E-006  -9.3549454415913357E-006
   4.1639458499006296E-006   0.0000000000000000     
   3.0275722838505129E-008   0.0000000000000000     
  -6.3084644840058846E-012   0.0000000000000000     
   3.7165559658580469E-015   0.0000000000000000     
   1.4666545171759901E-011   0.0000000000000000     
   1.8001726593828762E-007   0.0000000000000000     
  -5.8708606237786694E-009   0.0000000000000000     
