           1   12.026353913750494        262.46591289868752        0.0000000000000000        73.665284947088310       -42.423451607482903     
           2   12.033211662359232        98.306411989121187        12.386992021805348        45.709664149442560       -20.482641161645780     
           3   12.029270717622465        74.663769201311041        3.4097265637933045        40.485093702950962       -15.782960208491772     
           4   12.034281890429083        64.978458375769634        1.5679724071294401        38.801956068019031       -13.680328304625125     
           5   12.029851839038063        58.919784464131517       0.97738224776309346        37.434808712810522       -12.502116412341751     
           6   12.032918050843705        54.787939522722837       0.67038317017787996        36.435590339847188       -11.627554584767633     
           7   12.031431164556881        51.639058836156806       0.50169222432763649        35.598973188697236       -11.090879302037557     
           8   12.033199387920071        49.178372665108057       0.39554508138168404        34.894672361564545       -10.757998268110434     
           9   12.032909310744667        47.146534517878464       0.32500486431816067        34.284508141690978       -10.485087698206927     
          10   12.033929554466900        45.451575112695480       0.27578948412758442        33.747952107556337       -10.241253704504373     
          11   12.034009992057619        43.989972747505206       0.23898737646300644        33.314832702045130       -10.040671219451946     
          12   12.034599360326197        42.722210945276679       0.21102925218763546        33.022952139369622       -9.8580970130784529     
          13   12.034746796526166        41.598798143088388       0.18852151596916453        32.759173594853038       -9.7000023018684214     
          14   12.035081180717958        40.598765809569940       0.17039446746626694        32.519015658391126       -9.5523608075977524     
          15   12.035199110267344        39.695815041687645       0.15517596946190645        32.298543176558553       -9.4180698029859649     
          16   12.035377479345730        38.877239732032258       0.14244805472059827        32.094488360335731       -9.2900349754846321     
          17   12.035444509553519        38.127947824679687       0.13148767271499362        31.904116452029058       -9.1695357797537032     
          18   12.035524344344127        37.439584349102468       0.12207757428145978        31.725213022041292       -9.0530864530253972     
          19   12.035543833863972        36.802906376876550       0.11382855381214668        31.555964736847887       -8.9412349214276254     
          20   12.035559887571857        36.212123316885510       0.10660427696482375        31.394909744502836       -8.8322758278680684     
          21   12.035541601728521        35.661236993974825       0.10018169417640090        31.240860761986436       -8.7264270818549257     
          22   12.035515786235344        35.146083313031362        9.4467402833660313E-002   31.092859911859801       -8.6228458541946260     
          23   12.035469689514693        34.662565713454313        8.9327443975714141E-002   30.950130966438973       -8.5216030836315984     
          24   12.035416378302873        34.207603930759461        8.4695466645425752E-002   30.812046437147750       -8.4222721114557917     
          25   12.035350881341259        33.778274968338884        8.0487682316412304E-002   30.678097662578914       -8.3248602448378701     
          26   12.035279844633180        33.372246960379805        7.6656118202538037E-002   30.547872461849185       -8.2291422335368551     
          27   12.035201589909970        32.987356919706137        7.3146295191103466E-002   30.421036097778575       -8.1350992172919714     
          28   12.035119680042781        32.621804332894712        6.9923077142625994E-002   30.297316452218034       -8.0426041473406702     
          29   12.035033786703575        32.273940319004183        6.6949677632517857E-002   30.176491741443449       -7.9516284148709282     
          30   12.034945941440119        31.942350461512635        6.4200028662863756E-002   30.058380743392529       -7.8620933982711270     
          31   12.034856329559487        31.625747140578511        6.1648378743908029E-002   29.942834793283915       -7.7739676485286351     
          32   12.034766189088003        31.323002195671329        5.9275117390462373E-002   29.829731348260822       -7.6871968239698694     
          33   12.034675865285063        31.033090212776923        5.7061610423936128E-002   29.718968744627229       -7.6017493658528483     
          34   12.034586162645175        30.755099097920990        5.4992888228084305E-002   29.650100397632002       -7.5175834223404383     
          35   12.034497442556253        30.488198962080855        5.3055065028912704E-002   29.619859860146342       -7.4698732105091956     
          36   12.034410257171483        30.231643444793466        5.1236544487990546E-002   29.590094022211879       -7.4615203823199678     
          37   12.034324930443709        29.984751767353501        4.9526714476491922E-002   29.560780629219689       -7.4523030542354718     
          38   12.034241856932887        29.746906557232418        4.7916462910013238E-002   29.531900036850828       -7.4422652940618290     
          39   12.034161307486400        29.517542895136327        4.6397504572261321E-002   29.503434846766005       -7.4314497851901642     
          40   12.034083571009100        29.296145129132888        4.4962582862862470E-002   29.475369592140883       -7.4198978716033821     
          41   12.034008864718734        29.082239790586748        4.3605112426980487E-002   29.447690467493583       -7.4076491605080124     
          42   12.033937402002065        28.875392409443759        4.2319242429473158E-002   29.420385095274593       -7.3947415674719217     
          43   12.033869351362696        28.675202676780302        4.1099659210765999E-002   29.393442324261407       -7.3812111636373281     
          44   12.033804869331485        28.481301620092260        3.9941591803315718E-002   29.366852055243946       -7.3670922383888753     
          45   12.033744082050490        28.293348141907995        3.8840697437841465E-002   29.340605090202995       -7.3524172733322537     
          46   12.033687101572243        28.111026637864875        3.7793045523168547E-002   29.314693001963871       -7.3372170202422797     
          47   12.033634017922363        27.934044424671665        3.6795047376524136E-002   29.289108021524353       -7.3215205382684161     
          48   12.033584907443762        27.762129776294188        3.5843434314084897E-002   29.263842940884526       -7.3053552799764780     
          49   12.033539829667859        27.595029955953674        3.4935211959492798E-002   29.238891029311347       -7.2887471572667586     
          50   12.033498831805852        27.432509611426969        3.4067638755656361E-002   29.214245961403577       -7.2717206287499341     
