   1.5915494309189534E-002  0.99999999999989675     
   4.7746482927568605E-002  0.99999999932699124     
   7.9577471545947673E-002  0.99999996041276129     
  0.11140846016432673       0.99999942629306959     
  0.14323944878270581       0.99999581866005804     
  0.17507043740108488       0.99997980072010384     
  0.20690142601946396       0.99992588647423986     
  0.23873241463784300       0.99977686918752096     
  0.27056340325622208       0.99942163107992821     
  0.30239439187460115       0.99866736321782101     
  0.33422538049298023       0.99720893906246788     
  0.36605636911135930       0.99459984100740439     
  0.39788735772973838       0.99023030260947975     
  0.42971834634811740       0.98331889388570037     
  0.46154933496649647       0.97292341865151777     
  0.49338032358487555       0.95797561314229307     
  0.52521131220325468       0.93734178888896047     
  0.55704230082163375       0.90990846268562520     
  0.58887328944001271       0.87468851389409141     
  0.62070427805839179       0.83093995310006863     
  0.65253526667677086       0.77828646416464486     
  0.68436625529514994       0.71682695341391034     
  0.71619724391352901       0.64722076865795697     
  0.74802823253190809       0.57073624724932392     
  0.77985922115028716       0.48925283464235858     
  0.81169020976866624       0.40521099474753425     
  0.84352119838704531       0.32150912982939489     
  0.87535218700542439       0.24135220728031229     
  0.90718317562380346       0.16806212968110321     
  0.93901416424218254       0.10486444604292548     
  0.97084515286056161        5.4669216460491207E-002
