   1.5915494309189534E-002  0.99999999999999589     
   4.7746482927568605E-002  0.99999999997317290     
   7.9577471545947673E-002  0.99999999842198706     
  0.11140846016432673       0.99999997713108946     
  0.14323944878270581       0.99999983332485021     
  0.17507043740108488       0.99999919482318012     
  0.20690142601946396       0.99999704571186343     
  0.23873241463784300       0.99999110563550309     
  0.27056340325622208       0.99997694525497627     
  0.30239439187460115       0.99994687888619838     
  0.33422538049298023       0.99988874367894331     
  0.36605636911135930       0.99978474070036949     
  0.39788735772973838       0.99961056364807632     
  0.42971834634811740       0.99933506342606793     
  0.46154933496649647       0.99892068253074606     
  0.49338032358487555       0.99832483819554463     
  0.52521131220325468       0.99750233971660029     
  0.55704230082163375       0.99640880180537250     
  0.58887328944001271       0.99500487619498290     
  0.62070427805839179       0.99326098595596068     
  0.65253526667677086       0.99116213050246893     
  0.68436625529514994       0.98871225240481220     
  0.71619724391352901       0.98593763436096415     
  0.74802823253190809       0.98288883440274866     
  0.77985922115028716       0.97964077034513242     
  0.81169020976866624       0.97629072312981746     
  0.84352119838704531       0.97295422788130093     
  0.87535218700542439       0.96975903991885481     
  0.90718317562380346       0.96683757579243024     
  0.93901416424218254       0.96431841123878193     
  0.97084515286056161       0.96231754608286468     
   1.0026761414789407       0.96093020349860458     
